200
177 197 82
97 188 7
161 73 21
48 161 14
74 52 67
132 46 59
132 151 100
93 193 63
44 30 76
113 120 56
100 78 92
110 5 26
8 46 5
15 143 63
174 12 90
162 74 82
6 33 85
171 117 14
9 179 67
185 92 56
123 97 5
6 108 65
95 142 84
55 143 20
164 43 3
193 193 97
176 144 6
56 11 35
53 31 21
50 61 14
113 116 56
131 65 98
5 91 73
5 76 90
8 95 54
128 84 63
70 116 56
188 23 94
173 158 3
57 3 92
50 37 63
96 90 32
84 9 75
191 2 54
197 74 86
6 189 45
157 20 58
54 65 88
130 6 40
182 61 31
11 191 89
46 167 25
182 46 58
179 113 13
182 56 77
81 146 93
151 28 82
188 15 52
7 129 82
27 4 57
77 86 41
98 153 74
174 67 4
90 94 73
195 179 46
57 57 19
1 160 59
20 142 11
145 97 14
173 55 25
98 26 13
169 196 57
131 181 35
63 89 92
151 199 67
86 7 90
58 132 96
10 25 70
27 5 43
82 4 35
32 11 6
136 60 22
1 137 60
23 177 55
54 69 65
17 111 70
146 158 95
143 120 56
196 103 35
20 84 99
161 58 79
12 154 77
25 10 5
33 9 71
87 144 64
150 26 82
133 88 99
67 147 25
173 199 54
118 60 82
137 43 22
88 112 15
192 167 52
110 161 93
79 125 11
75 192 33
75 38 74
42 136 20
157 79 56
172 124 25
186 195 54
193 80 29
77 28 32
168 7 80
47 186 35
153 109 27
86 5 32
17 87 28
57 107 82
167 25 42
23 89 44
175 90 46
67 90 15
14 78 75
102 8 15
13 122 34
133 39 72
196 108 71
22 183 83
131 34 13
177 101 24
46 24 10
156 107 57
67 124 54
70 92 48
101 32 36
175 171 20
167 102 83
50 76 24
44 63 20
117 43 57
151 132 78
27 5 22
9 73 2
183 186 8
98 10 30
176 172 60
175 161 38
91 189 91
159 78 41
153 30 95
108 198 56
152 90 81
181 105 50
135 190 71
88 6 61
49 178 66
196 45 77
33 87 37
24 83 58
154 171 43
162 72 7
84 20 27
98 44 18
170 198 100
145 91 44
163 158 58
1 40 67
120 26 52
97 147 86
15 195 25
177 88 59
144 11 13
154 110 11
199 50 79
40 97 19
2 55 60
93 76 7
144 105 6
26 21 65
31 81 38
21 198 87
14 48 62
160 76 4
36 135 30
63 84 79
165 2 12
98 150 59
133 191 46
95 36 21
70 177 16
87 1 27
68 179 37
81 7 28
178 25 78
91 154 43
23 25 69
7 61 44
78 194 94
103 199 41
57 24 30
54 49 8
41 178 7
43 160 53
122 25 42
104 154 64
199 92 68
51 98 18
111 104 75
158 28 73
152 7 91
174 31 16
77 66 66
129 12 91
73 89 28
196 115 40
39 109 75
61 50 92
17 27 41
65 168 43
57 79 48
8 3 46
155 173 5
187 166 83
137 141 15
90 36 91
147 9 51
170 91 66
195 80 7
185 173 13
168 37 13
151 21 77
2 49 47
198 16 4
85 28 34
60 119 85
48 104 14
69 49 17
74 86 53
158 187 16
97 189 99
160 161 89
128 1 41
63 178 23
50 75 45
80 98 86
153 135 9
44 146 4
75 6 96
79 15 30
166 154 14
160 54 51
126 0 13
38 4 58
179 192 50
181 3 43
30 78 43
105 137 65
160 24 7
157 73 31
173 155 43
147 71 26
88 113 72
90 130 32
16 107 43
133 67 34
144 95 74
104 198 23
58 126 88
44 112 67
155 18 9
51 79 84
106 102 80
28 112 3
75 182 93
101 55 60
119 146 91
164 50 21
116 52 84
50 143 79
45 142 46
75 92 3
177 154 66
125 28 15
99 82 33
55 41 78
83 176 18
144 70 94
104 99 94
183 77 80
184 28 16
124 80 59
54 150 94
10 21 20
57 89 61
69 179 13
174 13 52
54 158 63
32 93 58
91 130 67
116 113 46
37 146 40
3 121 59
168 4 12
56 147 75
14 98 51
178 171 13
20 75 19
133 155 17
189 75 31
61 100 9
61 155 70
31 69 16
192 31 57
128 139 37
36 113 57
59 18 82
144 103 20
120 45 75
187 84 74
141 63 44
28 94 63
19 68 6
197 110 90
63 162 3
155 58 33
139 77 27
101 122 39
130 15 88
29 81 24
63 112 40
35 21 44
41 34 9
151 148 66
143 81 40
68 177 24
9 137 56
169 58 12
55 93 39
132 145 6
29 61 11
159 102 89
130 167 39
104 42 87
97 143 68
171 76 59
104 199 67
62 60 94
24 52 13
113 63 86
65 14 52
92 43 97
14 157 69
189 177 44
162 153 59
153 51 52
111 132 74
161 88 34
14 82 40
137 119 68
198 181 68
163 78 88
167 160 73
23 76 18
177 174 11
191 64 39
182 127 47
169 129 21
49 197 60
95 191 2
33 123 67
91 6 23
178 167 90
105 128 94
86 157 10
57 26 81
195 33 17
12 72 41
14 96 5
199 124 25
128 40 27
12 37 97
23 146 15
172 8 99
98 69 86
110 4 38
134 97 9
111 60 3
12 160 95
46 29 16
36 139 54
18 41 63
109 7 23
152 169 99
88 84 20
55 174 31
1 173 27
65 181 89
112 30 77
147 50 52
130 104 8
19 168 6
89 53 20
143 169 39
46 44 55
118 187 17
39 28 80
191 84 86
198 21 76
148 43 80
154 122 84
78 17 58
121 89 33
113 198 14
156 85 99
50 80 68
171 193 49
18 70 30
54 49 14
101 67 75
189 94 42
37 36 4
21 184 92
84 34 1
116 151 93
48 56 29
80 142 76
185 54 94
196 51 8
32 136 13
103 5 20
0 50 43
141 181 76
110 20 3
93 175 100
34 154 30
61 75 50
171 159 82
94 56 19
152 24 46
60 23 73
140 113 77
128 199 79
4 152 28
14 197 76
141 6 70
8 61 95
111 74 30
157 106 71
192 17 27
154 150 24
69 153 94
36 130 25
48 170 37
85 164 62
57 75 52
36 124 47
39 166 46
141 26 80
125 106 59
80 1 67
6 48 25
193 71 54
126 98 4
0 100 34
174 108 18
112 80 46
30 173 53
11 177 59
185 62 1
139 167 2
89 123 18
155 195 92
66 16 29
86 13 60
98 33 67
28 108 75
199 74 43
63 122 48
51 18 57
184 44 50
146 97 99
161 48 58
20 141 94
98 192 31
0 110 5
104 51 87
11 8 78
92 133 50
170 8 69
153 63 18
19 165 68
133 125 41
155 12 13
113 72 87
178 150 9
11 176 23
34 71 15
58 47 29
103 82 17
17 148 13
185 150 60
15 122 84
149 150 38
22 18 5
57 3 71
67 41 67
191 180 86
24 168 91
44 105 31
51 12 43
14 59 47
150 105 18
123 108 80
186 198 17
73 156 54
105 30 49
159 91 4
58 153 11
33 92 41
140 71 4
30 16 3
38 138 96
8 23 53
64 117 55
183 43 32
150 153 100
139 66 21
138 174 80
85 160 65
133 102 65
127 49 47
161 109 50
76 83 33
136 71 45
118 176 34
140 17 47
194 1 39
150 198 17
164 57 70
195 54 27
192 77 71
179 48 81
14 144 60
100 183 21
171 3 96
109 55 34
75 78 48
69 22 59
62 194 14
107 139 73
4 64 93
95 84 18
50 28 84
185 174 73
48 96 23
167 160 94
155 45 54
145 101 48
154 106 69
35 36 48
45 188 20
6 13 8
76 48 92
166 195 85
138 99 11
173 105 88
92 159 66
37 88 69
19 189 55
169 155 77
158 104 49
192 92 61
141 13 100
32 47 80
157 41 15
116 24 39
158 165 45
128 161 8
28 91 84
198 160 73
147 72 39
102 87 20
76 112 47
165 124 85
142 63 59
179 13 100
23 182 30
46 52 60
23 147 37
31 69 75
118 199 9
165 170 64
193 4 78
38 135 4
38 95 57
36 122 5
197 77 47
103 166 87
8 170 69
145 117 49
13 58 32
193 172 31
177 24 69
29 82 28
35 96 39
97 185 6
165 110 71
53 47 92
51 41 70
18 66 20
52 165 27
169 10 52
100 39 52
88 137 9
169 53 43
71 74 94
94 182 45
42 117 88
142 15 54
115 10 15
152 34 10
126 170 79
198 105 72
57 193 6
142 134 69
165 0 42
93 140 78
82 19 37
14 79 59
194 174 26
198 47 93
69 163 9
64 66 66
54 159 61
121 166 55
36 51 59
119 166 29
145 151 95
102 72 69
70 61 96
117 68 94
11 14 7
76 25 28
92 37 30
160 59 50
61 125 40
34 127 83
105 100 44
51 49 9
123 0 20
155 55 95
92 143 94
6 82 51
71 142 59
132 101 43
0 172 9
148 190 86
91 193 64
37 186 72
170 23 16
37 135 47
8 17 33
16 177 76
136 140 32
107 58 94
180 58 23
89 144 81
53 131 69
127 133 64
163 104 68
188 106 75
52 194 62
135 131 37
91 108 84
73 117 89
52 57 49
89 155 59
4 199 86
118 38 98
157 17 79
29 164 69
155 81 1
153 80 20
27 33 4
111 175 1
98 141 52
81 49 72
9 122 13
57 150 39
158 37 60
80 62 91
126 125 76
130 49 71
158 83 83
93 78 26
124 139 19
8 184 14
92 62 3
99 17 64
74 197 4
153 142 11
8 83 97
101 76 83
152 12 84
0 122 2
68 51 6
122 54 89
83 15 44
51 80 100
18 21 13
2 141 70
5 62 89
22 55 44
161 127 11
176 121 64
139 15 4
115 122 8
34 63 85
69 48 33
20 174 86
55 39 91
56 125 55
177 125 62
194 82 90
173 57 82
101 6 59
140 105 17
46 72 4
97 118 74
50 22 30
164 75 94
113 136 57
49 0 64
60 65 82
28 135 13
169 183 13
31 182 81
118 22 40
83 83 59
25 93 60
83 64 22
62 171 13
28 102 11
116 60 59
96 74 34
93 90 14
182 166 29
80 75 30
146 15 75
178 20 99
149 108 69
174 21 4
133 100 46
165 94 35
81 197 87
166 88 3
47 196 26
57 93 30
148 132 69
150 10 32
19 11 98
14 44 67
79 81 97
178 90 79
166 29 8
154 70 73
190 174 17
171 180 58
179 169 1
162 66 38
135 193 54
143 64 45
14 10 88
199 188 49
118 42 81
112 39 80
179 142 100
69 167 55
199 98 2
46 147 81
118 102 71
15 28 42
81 84 32
10 108 44
39 51 66
102 130 14
59 83 32
120 103 91
8 88 17
26 126 49
68 94 37
81 3 34
45 4 72
196 141 33
49 145 9
159 43 25
150 116 93
7 87 43
27 179 87
72 97 24
49 40 81
103 29 52
25 183 72
23 32 92
47 188 91
89 154 61
72 137 82
181 106 95
110 30 100
0 19 64
114 46 49
126 114 55
36 59 22
58 58 96
119 144 91
181 16 63
66 172 79
105 166 68
63 122 11
31 135 62
1 157 93
70 128 33
9 110 36
145 129 60
141 6 42
109 190 95
154 53 89
51 27 38
171 69 70
90 21 14
76 23 63
84 82 9
192 142 33
11 83 59
25 147 30
95 152 50
130 54 83
59 9 27
44 193 35
28 23 85
136 132 66
19 29 63
189 19 61
5 62 10
1 155 31
66 53 47
151 98 37
130 127 34
28 85 40
125 94 96
62 162 84
29 159 79
109 108 64
175 27 53
10 90 47
58 7 28
115 150 30
133 0 62
43 155 62
48 70 28
45 11 67
53 24 37
146 151 28
84 23 77
20 55 6
53 111 8
75 61 92
68 162 9
177 98 74
50 180 89
182 26 96
145 89 76
113 2 83
126 134 60
150 127 78
31 172 65
28 175 26
16 198 95
165 133 92
64 21 17
33 195 6
156 103 82
48 157 31
79 109 79
26 87 56
166 141 92
9 72 46
83 187 23
153 189 44
132 12 28
165 197 67
167 92 36
172 175 2
53 182 94
34 190 13
105 191 19
185 5 75
34 46 11
9 168 30
170 10 4
145 123 6
192 91 31
180 28 2
2 117 81
48 50 35
181 186 21
29 59 56
69 36 78
111 157 85
18 189 67
178 26 7
40 103 71
131 141 45
7 11 19
115 100 89
103 36 9
159 185 94
122 33 54
78 70 26
198 198 59
58 60 86
125 183 64
169 199 57
175 159 57
14 116 59
74 7 52
119 93 55
61 92 48
107 20 40
198 187 67
16 37 99
144 24 45
171 67 27
178 79 65
26 103 22
33 94 43
53 161 79
165 139 9
89 74 61
18 158 53
44 104 84
8 142 79
89 6 33
95 132 7
96 179 66
99 195 60
166 191 30
23 192 39
49 161 54
118 128 61
192 98 45
140 51 89
150 19 3
6 87 10
31 47 82
89 177 75
179 138 32
12 63 60
94 60 100
168 7 36
81 148 9
88 29 36
97 178 84
170 40 45
79 55 65
159 90 43
70 153 3
172 172 70
158 78 36
121 125 50
135 82 71
102 93 100
7 145 84
199 38 45
134 171 3
111 180 85
183 61 58
5 11 96
62 166 27
65 31 36
183 126 34
33 122 72
85 40 12
106 11 45
111 0 26
178 161 28
93 13 49
91 194 17
158 95 96
93 81 2
78 106 74
70 149 42
172 105 54
85 66 58
80 47 11
39 60 53
27 116 97
63 154 55
101 47 25
