0
1
2
3
3
5
6
7
8
8
9
10
10
10
12
13
14
14
15
17
17
19
19
19
21
22
22
26
26
27
27
28
29
30
31
32
32
33
36
38
38
39
40
40
42
45
46
47
49
51
51
52
52
54
56
57
57
58
60
61
64
65
66
67
68
68
69
71
74
74
74
75
77
78
78
80
81
81
84
85
85
85
86
87
87
89
90
90
91
91
92
93
93
93
93
94
94
95
96
97
98
98
99
99
100
101
101
102
102
103
104
105
105
108
110
111
111
112
112
115
118
119
120
121
123
123
124
124
125
126
127
132
132
132
133
134
134
134
135
137
139
140
141
142
143
143
145
146
146
146
146
150
151
151
153
153
154
154
154
155
156
157
159
161
161
162
163
164
165
165
166
167
169
171
171
172
172
173
173
174
176
177
177
178
181
183
185
186
187
187
187
189
190
190
191
191
195
197
198
199
199
200
200
201
201
202
204
204
204
205
205
206
207
207
208
209
209
210
211
212
212
213
213
216
218
219
219
219
221
222
222
223
224
225
226
227
230
230
232
232
233
233
234
235
236
237
238
238
239
239
239
239
240
240
242
242
244
244
246
246
246
247
248
248
248
249
249
252
254
255
256
256
256
257
259
259
259
260
260
260
261
262
262
263
264
265
265
266
266
266
266
268
269
269
271
271
272
272
273
273
276
276
277
278
279
282
283
283
284
284
285
285
287
291
291
292
292
295
296
297
297
301
301
303
304
309
310
311
311
312
312
312
313
313
314
314
317
317
318
321
322
322
323
323
324
325
326
326
326
327
327
328
330
331
331
332
332
333
335
335
336
337
340
341
341
342
343
344
344
345
345
345
345
347
347
349
350
351
351
352
352
352
352
352
353
353
354
355
356
356
357
357
358
358
359
359
360
360
360
362
363
364
366
366
366
368
369
369
370
372
373
374
374
374
375
376
376
379
379
379
380
380
381
385
385
385
385
388
388
389
390
390
390
391
392
393
394
396
397
398
401
401
402
403
404
405
405
406
407
407
408
409
409
410
411
413
413
413
415
416
416
417
418
420
420
420
421
421
422
423
424
425
425
426
426
427
427
427
431
431
431
432
433
433
433
434
435
436
436
436
437
440
440
441
441
442
442
443
445
446
446
447
447
447
448
448
448
450
451
452
453
453
455
455
457
457
459
459
460
460
461
461
462
462
463
464
466
466
466
467
467
467
468
470
470
474
475
478
478
479
480
480
482
482
482
485
486
488
488
489
491
494
495
496
496
496
498
498
498
500
502
502
503
503
504
505
506
507
510
510
510
511
511
513
515
515
516
516
516
517
518
518
519
519
519
519
520
521
521
522
524
525
525
526
528
528
529
529
529
530
531
532
532
533
533
533
534
534
535
535
536
537
538
539
540
540
540
541
541
542
544
548
548
549
551
551
553
553
555
556
557
558
559
560
560
561
562
562
562
564
564
564
565
566
566
567
567
568
569
569
569
570
572
573
577
578
580
581
585
586
589
590
590
590
590
591
591
591
591
592
595
596
597
597
598
598
598
598
599
600
600
601
602
602
602
603
603
604
605
605
605
606
607
607
608
608
609
609
609
609
609
610
610
611
613
614
615
615
616
616
616
618
621
621
622
622
624
626
626
627
630
633
635
637
638
640
641
641
641
642
643
645
645
647
650
651
653
656
657
658
659
659
660
661
663
664
665
665
666
666
667
667
667
668
669
669
671
672
672
673
673
673
675
675
678
679
680
680
681
682
686
687
689
690
693
693
693
695
696
697
698
698
701
701
703
706
708
710
710
711
713
713
713
717
718
719
719
719
720
720
723
724
726
726
726
727
727
727
727
728
729
730
731
731
732
732
733
736
738
738
738
741
742
744
745
748
751
752
752
758
758
762
762
764
765
767
768
770
772
774
775
776
776
776
778
779
779
780
780
780
781
782
784
785
786
786
788
789
790
792
793
794
794
795
795
797
798
799
799
801
802
804
806
806
807
807
809
809
810
811
811
812
815
815
815
817
817
819
819
821
822
822
822
827
827
828
830
833
836
838
839
839
840
841
841
842
842
842
843
844
845
845
846
848
848
848
848
848
849
849
851
851
852
853
853
854
856
856
857
858
860
860
861
861
862
862
863
864
868
868
869
869
870
871
871
873
874
875
875
876
879
880
880
881
883
883
883
884
885
885
886
886
886
886
886
889
889
890
891
892
892
893
895
896
897
898
898
899
899
899
899
900
901
901
901
902
902
904
904
905
905
905
906
906
906
906
906
907
908
908
909
909
910
912
913
913
914
915
915
917
918
919
920
920
921
922
923
925
926
926
927
927
929
929
929
933
934
936
937
937
937
937
937
939
940
940
940
940
941
941
942
944
945
945
946
947
947
947
948
951
952
952
953
953
954
954
958
961
962
963
963
964
965
966
967
967
968
968
968
969
971
973
974
975
975
975
975
976
976
976
977
980
981
982
983
985
986
986
986
986
986
988
989
989
990
990
991
993
994
994
996
997
998
998
1001
1001
1001
1003
1004
1005
1005
1006
1006
1007
1009
1009
1009
1010
1011
1013
1015
1016
1017
1017
1019
1022
1023
1026
1027
1030
1032
1032
1033
1037
1037
1037
1037
1038
1041
1041
1041
1042
1043
1043
1045
1046
1047
1047
1049
1050
1051
1051
1053
1053
1054
1055
1058
1058
1059
1060
1060
1060
1062
1063
1063
1063
1065
1065
1065
1065
1066
1067
1068
1069
1071
1073
1073
1073
1075
1075
1078
1078
1078
1079
1081
1083
1083
1084
1086
1086
1088
1088
1089
1090
1091
1092
1097
1098
1099
1101
1101
1104
1104
1104
1107
1109
1109
1109
1109
1110
1112
1112
1113
1116
1117
1120
1121
1121
1122
1122
1123
1123
1124
1125
1126
1127
1127
1128
1130
1132
1132
1133
1133
1134
1134
1134
1134
1134
1135
1139
1140
1140
1141
1141
1143
1143
1143
1143
1144
1148
1148
1149
1150
1150
1150
1151
1152
1154
1155
1158
1159
1160
1160
1164
1164
1164
1165
1166
1166
1166
1169
1170
1171
1172
1175
1175
1175
1176
1176
1176
1177
1177
1177
1177
1177
1177
1178
1178
1178
1181
1181
1182
1182
1183
1187
1188
1188
1189
1190
1192
1193
1193
1193
1194
1195
1195
1197
1199
1201
1201
1201
1202
1202
1204
1205
1205
1206
1207
1207
1207
1208
1210
1210
1211
1211
1212
1212
1212
1212
1213
1213
1214
1216
1218
1219
1224
1225
1226
1227
1230
1232
1232
1235
1235
1236
1237
1238
1238
1239
1239
1240
1240
1241
1242
1242
1243
1243
1244
1246
1247
1249
1249
1253
1253
1254
1256
1257
1258
1259
1259
1262
1264
1266
1266
1267
1267
1269
1270
1271
1271
1273
1274
1274
1277
1279
1279
1281
1281
1281
1282
1282
1282
1284
1285
1287
1287
1289
1295
1298
1299
1300
1302
1302
1302
1303
1306
1307
1307
1308
1310
1313
1314
1316
1316
1318
1320
1324
1324
1325
1325
1329
1330
1331
1331
1332
1333
1334
1337
1338
1339
1340
1344
1346
1346
1346
1349
1349
1350
1351
1351
1351
1353
1353
1354
1354
1355
1357
1359
1359
1359
1361
1364
1364
1366
1366
1367
1367
1368
1368
1368
1371
1372
1373
1373
1375
1375
1377
1380
1380
1381
1381
1382
1384
1388
1388
1389
1389
1390
1391
1393
1396
1396
1397
1399
1399
1400
1400
1402
1406
1406
1408
1408
1408
1409
1411
1414
1416
1418
1418
1419
1419
1420
1420
1422
1422
1423
1423
1424
1424
1425
1425
1427
1427
1429
1429
1429
1429
1429
1430
1430
1430
1431
1432
1433
1433
1434
1434
1435
1435
1436
1437
1439
1439
1440
1444
1444
1444
1448
1449
1452
1453
1457
1457
1461
1461
1462
1463
1466
1466
1467
1468
1468
1468
1469
1469
1470
1472
1475
1476
1477
1479
1480
1482
1484
1487
1487
1488
1489
1489
1490
1491
1491
1491
1492
1493
1495
1496
1497
1498
1499
1501
1504
1504
1504
1505
1506
1509
1509
1509
1509
1509
1509
1513
1513
1513
1515
1516
1516
1518
1518
1519
1519
1520
1520
1522
1522
1523
1525
1526
1528
1528
1529
1530
1532
1532
1533
1534
1535
1535
1536
1536
1536
1537
1537
1537
1539
1539
1539
1542
1543
1543
1546
1547
1547
1547
1548
1549
1551
1551
1553
1553
1555
1555
1556
1557
1558
1558
1558
1559
1559
1560
1560
1561
1562
1563
1563
1563
1563
1564
1565
1566
1567
1568
1568
1570
1573
1577
1578
1579
1579
1580
1581
1581
1584
1585
1588
1589
1589
1589
1591
1591
1593
1593
1594
1595
1597
1598
1598
1601
1603
1604
1604
1606
1606
1607
1607
1609
1610
1611
1611
1612
1614
1615
1617
1618
1619
1619
1619
1620
1620
1621
1621
1623
1624
1624
1625
1626
1626
1627
1627
1629
1629
1629
1630
1631
1632
1633
1634
1635
1635
1635
1636
1637
1640
1641
1642
1642
1643
1648
1648
1649
1649
1650
1652
1652
1654
1654
1655
1656
1657
1657
1660
1661
1661
1662
1662
1662
1662
1664
1666
1666
1667
1667
1668
1669
1669
1670
1672
1673
1673
1676
1677
1679
1680
1681
1684
1684
1686
1686
1686
1686
1686
1687
1687
1687
1687
1688
1690
1690
1690
1691
1691
1692
1692
1693
1694
1694
1694
1694
1695
1696
1698
1699
1700
1707
1707
1710
1710
1712
1712
1713
1715
1716
1716
1716
1716
1716
1720
1720
1721
1722
1723
1723
1724
1724
1725
1725
1725
1725
1725
1728
1728
1728
1729
1730
1731
1731
1732
1734
1734
1738
1739
1739
1742
1745
1745
1746
1747
1749
1749
1749
1750
1750
1750
1750
1750
1751
1751
1751
1751
1751
1753
1755
1756
1756
1757
1757
1757
1758
1759
1760
1760
1763
1763
1765
1765
1767
1768
1770
1770
1770
1772
1774
1774
1776
1778
1779
1780
1780
1781
1783
1784
1785
1786
1790
1792
1792
1792
1797
1797
1798
1798
1800
1801
1802
1802
1803
1803
1803
1804
1804
1804
1806
1808
1809
1809
1812
1812
1814
1817
1818
1819
1820
1820
1821
1821
1825
1826
1827
1828
1829
1830
1831
1832
1832
1832
1833
1835
1836
1838
1839
1841
1842
1843
1846
1846
1847
1848
1849
1851
1851
1853
1855
1856
1856
1856
1858
1858
1858
1865
1867
1867
1867
1869
1869
1870
1871
1873
1874
1874
1874
1874
1875
1877
1879
1880
1880
1882
1885
1886
1887
1887
1888
1889
1889
1889
1890
1893
1893
1893
1894
1894
1897
1897
1899
1899
1901
1901
1904
1904
1905
1905
1907
1908
1908
1908
1909
1910
1910
1910
1911
1913
1917
1917
1918
1920
1920
1921
1922
1922
1922
1923
1923
1923
1924
1924
1925
1925
1926
1928
1932
1932
1933
1933
1936
1937
1938
1939
1939
1939
1939
1940
1943
1944
1945
1945
1945
1946
1946
1946
1947
1949
1949
1951
1951
1952
1952
1952
1953
1955
1955
1956
1957
1958
1959
1960
1961
1961
1962
1962
1965
1966
1966
1967
1968
1969
1971
1972
1972
1977
1978
1978
1979
1979
1980
1981
1983
1984
1987
1988
1988
1988
1989
1991
1996
1998
1998
1999
2000
2000
2000
2000
2001
2003
2006
2007
2007
2013
2015
2016
2018
2018
2018
2018
2019
2019
2019
2021
2022
2023
2025
2025
2028
2030
2031
2031
2033
2033
2035
2035
2037
2038
2043
2045
2045
2049
2049
2050
2053
2053
2056
2057
2058
2059
2060
2060
2060
2062
2062
2062
2064
2064
2065
2065
2065
2067
2067
2067
2068
2068
2069
2069
2073
2073
2076
2079
2079
2081
2081
2082
2083
2084
2084
2085
2086
2089
2089
2092
2093
2094
2096
2099
2099
2102
2103
2104
2106
2108
2108
2108
2109
2109
2109
2111
2111
2111
2113
2114
2116
2117
2121
2121
2122
2122
2123
2125
2126
2127
2128
2129
2130
2131
2132
2133
2134
2136
2136
2137
2137
2139
2140
2141
2143
2144
2144
2145
2146
2148
2149
2150
2150
2150
2152
2152
2154
2155
2156
2157
2158
2158
2163
2164
2165
2166
2169
2170
2171
2172
2172
2172
2173
2173
2173
2174
2177
2178
2179
2179
2180
2180
2181
2182
2182
2182
2183
2183
2184
2184
2186
2187
2188
2188
2190
2191
2192
2192
2193
2193
2194
2196
2197
2199
2199
2200
2201
2202
2202
2202
2203
2203
2204
2208
2209
2209
2210
2213
2214
2214
2216
2217
2217
2218
2218
2220
2221
2222
2223
2223
2223
2223
2225
2226
2226
2228
2230
2230
2232
2232
2233
2234
2237
2237
2237
2238
2238
2241
2242
2242
2242
2242
2243
2243
2243
2244
2244
2245
2245
2246
2246
2247
2249
2249
2249
2249
2250
2250
2250
2253
2258
2260
2261
2261
2262
2263
2263
2265
2265
2266
2266
2268
2269
2270
2270
2272
2275
2281
2282
2283
2283
2284
2284
2284
2284
2286
2289
2291
2293
2293
2293
2293
2293
2294
2294
2294
2294
2295
2295
2295
2296
2297
2297
2298
2298
2298
2301
2304
2304
2305
2308
2308
2309
2310
2312
2312
2314
2315
2315
2318
2318
2319
2319
2323
2324
2324
2325
2325
2326
2326
2326
2328
2328
2332
2332
2332
2333
2334
2335
2336
2336
2337
2338
2338
2338
2339
2340
2342
2343
2344
2344
2345
2346
2347
2348
2349
2350
2350
2352
2352
2354
2354
2354
2355
2355
2356
2357
2357
2358
2359
2361
2361
2364
2364
2366
2367
2367
2368
2369
2370
2370
2370
2372
2374
2375
2375
2375
2378
2380
2382
2384
2384
2385
2385
2386
2387
2387
2387
2388
2388
2389
2391
2393
2393
2393
2393
2393
2396
2396
2399
2401
2403
2403
2404
2404
2405
2407
2407
2407
2407
2409
2410
2410
2411
2412
2412
2415
2416
2417
2417
2418
2422
2423
2423
2425
2425
2427
2427
2428
2428
2428
2429
2429
2430
2430
2430
2430
2432
2433
2433
2434
2437
2437
2438
2440
2441
2441
2442
2444
2445
2447
2447
2448
2448
2448
2449
2450
2451
2452
2453
2453
2454
2454
2455
2456
2457
2457
2458
2459
2459
2460
2462
2463
2465
2468
2469
2470
2470
2471
2472
2473
2476
2476
2479
2480
2485
2485
2487
2490
2491
2491
2492
2493
2494
2494
2495
2496
2497
2497
2497
2498
2500
2500
2501
2501
2502
2502
2504
2504
2505
2508
2509
2510
2511
2512
2512
2513
2514
2514
2515
2516
2517
2517
2517
2517
2520
2522
2522
2524
2525
2526
2528
2532
2533
2533
2534
2535
2535
2536
2537
2537
2541
2542
2542
2544
2544
2544
2545
2546
2547
2547
2548
2548
2549
2549
2550
2550
2552
2554
2554
2554
2554
2556
2557
2559
2559
2560
2560
2561
2563
2564
2564
2565
2567
2568
2572
2572
2573
2579
2581
2581
2584
2585
2586
2588
2588
2591
2592
2596
2596
2597
2599
2600
2601
2601
2601
2602
2602
2603
2605
2606
2608
2609
2609
2610
2612
2613
2613
2613
2613
2614
2614
2615
2617
2617
2618
2619
2619
2620
2620
2621
2621
2626
2626
2627
2627
2627
2628
2629
2631
2631
2632
2632
2633
2635
2637
2638
2640
2641
2642
2642
2642
2644
2648
2648
2649
2651
2652
2652
2653
2656
2656
2658
2659
2659
2660
2663
2663
2666
2666
2667
2668
2669
2669
2669
2670
2671
2671
2671
2672
2672
2675
2675
2678
2679
2680
2680
2681
2682
2683
2683
2684
2686
2686
2686
2686
2687
2687
2687
2688
2688
2688
2689
2691
2691
2692
2692
2692
2694
2695
2695
2699
2699
2699
2700
2703
2703
2705
2707
2707
2707
2708
2710
2711
2711
2711
2714
2715
2715
2715
2716
2716
2717
2718
2720
2722
2723
2724
2729
2730
2730
2730
2732
2732
2732
2736
2738
2739
2741
2743
2743
2744
2745
2746
2747
2748
2748
2749
2750
2751
2751
2752
2753
2753
2756
2756
2757
2757
2758
2759
2760
2762
2764
2766
2768
2768
2768
2769
2770
2770
2770
2773
2775
2777
2778
2779
2780
2780
2780
2781
2782
2782
2782
2785
2787
2787
2788
2788
2789
2790
2790
2791
2791
2794
2795
2796
2796
2798
2799
2801
2802
2802
2802
2802
2803
2804
2804
2806
2806
2806
2809
2810
2810
2810
2811
2812
2813
2814
2815
2816
2818
2820
2821
2821
2823
2823
2824
2824
2826
2826
2827
2827
2828
2828
2831
2832
2832
2832
2836
2837
2838
2838
2839
2839
2843
2843
2845
2845
2846
2847
2848
2848
2848
2850
2850
2852
2852
2852
2853
2854
2854
2855
2855
2855
2855
2856
2858
2858
2860
2860
2860
2860
2861
2862
2862
2863
2863
2865
2867
2867
2868
2868
2870
2871
2871
2872
2872
2874
2875
2875
2877
2878
2880
2880
2882
2882
2882
2883
2884
2884
2884
2885
2886
2887
2888
2888
2889
2892
2893
2894
2894
2894
2895
2895
2896
2896
2897
2899
2899
2900
2901
2903
2903
2904
2905
2905
2906
2907
2909
2911
2913
2914
2915
2916
2917
2918
2919
2920
2920
2921
2921
2922
2923
2923
2923
2923
2924
2925
2925
2926
2927
2927
2927
2928
2928
2929
2929
2930
2932
2932
2932
2935
2936
2937
2940
2940
2941
2945
2945
2947
2948
2948
2948
2950
2956
2957
2957
2958
2958
2961
2963
2964
2965
2965
2967
2968
2970
2970
2971
2974
2976
2976
2977
2977
2978
2980
2983
2985
2985
2985
2986
2987
2987
2990
2991
2992
2994
2995
2996
2998
3000
3000
3001
3001
3003
3004
3004
3006
3007
3007
3007
3008
3011
3013
3015
3016
3019
3019
3020
3020
3022
3024
3025
3025
3026
3027
3027
3028
3029
3029
3030
3031
3032
3032
3033
3035
3035
3035
3037
3039
3039
3039
3040
3040
3042
3044
3047
3048
3049
3050
3054
3055
3056
3057
3059
3060
3062
3063
3063
3064
3064
3064
3066
3066
3067
3068
3070
3072
3072
3073
3074
3075
3076
3076
3077
3081
3082
3084
3086
3086
3087
3093
3093
3095
3097
3097
3098
3099
3099
3100
3101
3102
3103
3103
3105
3106
3107
3107
3109
3109
3109
3110
3111
3111
3113
3114
3114
3115
3115
3115
3116
3116
3124
3125
3126
3126
3126
3127
3127
3127
3127
3128
3129
3130
3132
3133
3134
3135
3136
3136
3139
3139
3141
3142
3143
3144
3144
3145
3145
3149
3151
3153
3153
3153
3154
3155
3155
3156
3156
3158
3159
3160
3161
3162
3163
3164
3164
3164
3165
3167
3168
3168
3169
3170
3173
3173
3174
3174
3175
3176
3176
3179
3179
3180
3180
3181
3183
3184
3184
3186
3188
3189
3190
3192
3193
3194
3195
3197
3197
3197
3198
3198
3198
3202
3203
3204
3205
3207
3208
3209
3210
3211
3211
3213
3213
3214
3216
3217
3218
3221
3221
3226
3227
3228
3228
3229
3231
3233
3233
3235
3235
3235
3235
3236
3237
3240
3240
3240
3241
3241
3241
3243
3243
3244
3248
3248
3248
3249
3256
3256
3256
3258
3258
3258
3259
3259
3260
3260
3260
3261
3262
3263
3266
3267
3267
3268
3269
3269
3270
3272
3272
3275
3275
3276
3278
3278
3278
3279
3284
3286
3286
3288
3289
3290
3290
3291
3293
3294
3296
3296
3298
3298
3299
3299
3300
3303
3303
3304
3304
3305
3306
3307
3308
3310
3312
3312
3312
3316
3323
3323
3325
3325
3326
3327
3327
3330
3331
3332
3333
3334
3335
3336
3337
3337
3338
3340
3341
3341
3342
3343
3343
3346
3347
3348
3349
3349
3349
3350
3350
3351
3352
3352
3353
3354
3354
3354
3355
3356
3357
3358
3359
3360
3360
3360
3361
3363
3364
3365
3367
3369
3369
3370
3371
3371
3372
3373
3374
3375
3376
3379
3380
3381
3381
3381
3381
3381
3381
3382
3382
3389
3390
3391
3391
3392
3392
3392
3395
3396
3397
3397
3398
3399
3399
3399
3399
3401
3401
3401
3401
3402
3403
3405
3407
3409
3409
3412
3415
3415
3415
3419
3419
3419
3419
3420
3421
3423
3423
3423
3423
3424
3424
3425
3426
3428
3429
3430
3431
3431
3433
3435
3435
3436
3438
3438
3439
3439
3439
3440
3440
3440
3441
3441
3441
3442
3442
3443
3443
3446
3446
3446
3448
3449
3449
3450
3451
3453
3454
3454
3454
3457
3458
3460
3460
3461
3461
3462
3462
3464
3467
3467
3468
3469
3470
3471
3475
3476
3477
3477
3479
3480
3480
3480
3481
3483
3484
3487
3489
3490
3491
3493
3495
3496
3497
3498
3499
3500
3501
3501
3502
3502
3503
3504
3504
3505
3505
3506
3506
3507
3508
3508
3510
3510
3511
3511
3514
3515
3516
3519
3520
3520
3521
3523
3525
3526
3526
3527
3530
3530
3532
3532
3532
3533
3534
3535
3538
3538
3538
3539
3540
3541
3542
3544
3544
3545
3546
3547
3547
3549
3555
3555
3555
3556
3557
3557
3557
3557
3558
3559
3562
3565
3566
3566
3569
3569
3569
3571
3572
3572
3572
3577
3577
3578
3580
3582
3582
3585
3586
3587
3587
3589
3596
3596
3599
3603
3604
3605
3605
3605
3610
3611
3613
3613
3614
3615
3615
3617
3617
3619
3620
3621
3621
3622
3623
3624
3624
3624
3626
3629
3631
3634
3636
3637
3638
3640
3640
3640
3640
3641
3642
3643
3643
3643
3644
3646
3649
3652
3652
3654
3654
3657
3657
3658
3660
3664
3665
3668
3670
3671
3671
3673
3674
3674
3674
3677
3677
3679
3680
3681
3681
3682
3685
3685
3685
3685
3687
3687
3688
3689
3689
3693
3696
3696
3697
3697
3697
3698
3698
3698
3699
3700
3701
3701
3702
3702
3703
3706
3707
3707
3708
3710
3717
3718
3718
3718
3719
3719
3720
3721
3721
3721
3721
3722
3722
3723
3724
3726
3726
3726
3727
3729
3731
3732
3734
3735
3736
3737
3737
3740
3741
3741
3741
3742
3742
3742
3744
3744
3746
3749
3749
3749
3752
3752
3753
3753
3754
3757
3758
3758
3760
3761
3762
3765
3765
3767
3768
3769
3770
3770
3772
3773
3774
3775
3775
3776
3776
3777
3777
3779
3779
3780
3781
3782
3783
3783
3784
3785
3785
3786
3787
3788
3788
3789
3789
3790
3792
3794
3797
3798
3798
3798
3802
3804
3804
3808
3809
3810
3811
3813
3814
3815
3815
3816
3816
3817
3818
3818
3818
3820
3820
3820
3820
3821
3821
3822
3823
3823
3823
3823
3823
3826
3826
3827
3830
3830
3831
3834
3834
3835
3837
3838
3838
3840
3840
3840
3840
3842
3843
3843
3844
3845
3845
3846
3849
3850
3851
3852
3856
3857
3860
3860
3861
3862
3864
3866
3866
3867
3868
3868
3869
3869
3870
3870
3873
3874
3877
3877
3877
3878
3879
3880
3881
3882
3882
3883
3883
3883
3883
3884
3884
3884
3885
3886
3890
3891
3893
3894
3896
3896
3896
3897
3898
3900
3901
3903
3904
3905
3906
3906
3906
3907
3910
3911
3912
3913
3913
3916
3917
3917
3919
3919
3921
3921
3921
3921
3921
3922
3924
3927
3927
3928
3928
3928
3928
3929
3931
3933
3933
3934
3934
3938
3940
3941
3941
3942
3942
3946
3946
3948
3950
3950
3952
3952
3953
3955
3956
3957
3957
3961
3961
3961
3961
3961
3963
3965
3967
3967
3967
3969
3969
3969
3970
3970
3970
3971
3973
3974
3974
3974
3975
3976
3978
3980
3981
3982
3982
3982
3983
3983
3984
3984
3986
3986
3986
3987
3988
3988
3989
3989
3990
3991
3991
3991
3991
3993
3994
3994
3995
3997
3998
3999
4001
4002
4002
4005
4005
4005
4006
4007
4008
4010
4012
4013
4016
4017
4019
4021
4023
4023
4024
4025
4026
4029
4029
4030
4033
4034
4036
4039
4039
4041
4044
4044
4045
4045
4047
4047
4048
4049
4050
4051
4052
4053
4053
4055
4056
4056
4058
4058
4058
4059
4060
4060
4061
4061
4061
4062
4062
4062
4064
4065
4066
4066
4067
4067
4068
4069
4070
4072
4072
4072
4072
4073
4075
4075
4077
4078
4081
4081
4082
4083
4085
4085
4085
4088
4089
4089
4092
4093
4094
4094
4095
4097
4097
4098
4099
4099
4100
4102
4102
4104
4104
4106
4107
4110
4111
4113
4114
4114
4114
4116
4116
4118
4118
4119
4122
4122
4122
4124
4125
4126
4128
4129
4129
4130
4130
4131
4131
4132
4134
4134
4134
4135
4136
4136
4136
4141
4144
4146
4146
4148
4149
4150
4151
4152
4152
4154
4154
4156
4157
4158
4159
4159
4161
4161
4163
4164
4166
4167
4170
4170
4170
4171
4171
4172
4174
4176
4176
4178
4178
4179
4179
4180
4181
4182
4185
4186
4187
4187
4188
4188
4192
4193
4193
4194
4195
4197
4197
4197
4199
4200
4201
4201
4203
4206
4206
4207
4207
4207
4208
4208
4208
4209
4210
4210
4212
4213
4213
4214
4214
4215
4215
4216
4216
4217
4218
4219
4219
4219
4220
4220
4222
4223
4225
4225
4227
4228
4231
4231
4231
4232
4232
4232
4232
4235
4235
4236
4237
4237
4238
4238
4239
4243
4243
4245
4246
4249
4249
4249
4251
4251
4252
4252
4253
4253
4257
4258
4261
4262
4262
4264
4265
4265
4265
4265
4266
4266
4266
4268
4269
4269
4270
4271
4271
4272
4273
4273
4276
4277
4279
4280
4280
4281
4281
4282
4283
4283
4284
4285
4287
4287
4288
4288
4288
4289
4289
4289
4291
4292
4292
4295
4298
4299
4300
4301
4301
4301
4302
4302
4303
4303
4305
4305
4306
4306
4308
4308
4309
4313
4314
4314
4314
4316
4319
4322
4325
4325
4326
4326
4327
4330
4331
4332
4335
4335
4335
4336
4338
4338
4339
4339
4339
4340
4341
4342
4343
4344
4353
4353
4354
4355
4355
4357
4357
4358
4361
4361
4362
4362
4363
4363
4365
4365
4368
4369
4370
4370
4372
4374
4378
4379
4380
4380
4380
4381
4384
4387
4389
4389
4390
4390
4390
4391
4391
4391
4392
4393
4393
4394
4394
4395
4396
4397
4398
4398
4400
4401
4403
4404
4406
4407
4408
4408
4410
4411
4411
4412
4413
4413
4413
4413
4413
4415
4416
4417
4417
4419
4421
4423
4423
4424
4425
4427
4427
4429
4430
4430
4430
4430
4431
4431
4433
4434
4434
4436
4436
4437
4437
4438
4438
4440
4441
4442
4443
4443
4443
4446
4446
4448
4448
4449
4450
4452
4452
4455
4456
4458
4458
4459
4461
4461
4461
4462
4462
4462
4462
4463
4463
4465
4465
4465
4465
4465
4465
4465
4465
4468
4468
4469
4471
4471
4473
4473
4485
4486
4486
4487
4490
4491
4493
4494
4496
4497
4498
4499
4500
4502
4503
4504
4505
4507
4507
4508
4509
4511
4511
4511
4512
4513
4514
4515
4516
4516
4516
4517
4517
4518
4519
4520
4521
4523
4524
4525
4526
4528
4528
4531
4531
4532
4534
4536
4537
4538
4539
4539
4540
4540
4540
4541
4542
4542
4546
4546
4551
4552
4553
4554
4557
4557
4559
4559
4560
4561
4561
4562
4563
4564
4564
4564
4566
4568
4568
4570
4570
4570
4570
4571
4571
4571
4571
4572
4574
4575
4578
4579
4579
4580
4583
4583
4584
4584
4585
4585
4587
4589
4590
4591
4593
4593
4594
4595
4596
4598
4599
4599
4600
4600
4603
4603
4604
4608
4608
4609
4611
4612
4614
4615
4616
4616
4617
4618
4620
4620
4620
4621
4622
4623
4623
4626
4628
4630
4632
4632
4632
4633
4635
4636
4637
4637
4638
4643
4643
4644
4645
4646
4646
4647
4647
4647
4651
4653
4653
4655
4659
4660
4660
4661
4661
4663
4665
4665
4666
4666
4667
4667
4667
4668
4668
4668
4673
4674
4674
4675
4676
4676
4677
4678
4678
4679
4680
4680
4683
4684
4685
4685
4685
4685
4686
4690
4690
4690
4691
4691
4691
4692
4692
4694
4696
4696
4696
4698
4699
4701
4701
4702
4702
4702
4703
4704
4704
4705
4705
4706
4710
4712
4712
4712
4713
4713
4713
4713
4715
4716
4721
4722
4723
4723
4725
4726
4727
4728
4731
4731
4732
4733
4733
4734
4735
4735
4738
4742
4742
4743
4745
4746
4747
4748
4749
4750
4751
4751
4751
4752
4752
4752
4755
4756
4756
4758
4758
4759
4761
4761
4763
4763
4763
4763
4764
4766
4768
4772
4772
4772
4772
4773
4773
4773
4773
4774
4776
4777
4777
4779
4779
4780
4780
4781
4782
4783
4785
4785
4786
4788
4788
4790
4790
4791
4794
4795
4795
4797
4797
4798
4799
4799
4800
4801
4801
4801
4802
4802
4802
4803
4805
4806
4807
4807
4809
4810
4811
4812
4812
4814
4814
4815
4816
4816
4816
4817
4819
4819
4820
4820
4821
4824
4826
4829
4830
4832
4832
4833
4834
4835
4836
4837
4838
4840
4840
4842
4842
4844
4845
4848
4849
4849
4849
4849
4850
4850
4851
4851
4851
4852
4854
4855
4856
4856
4856
4856
4858
4858
4860
4861
4862
4862
4862
4863
4863
4864
4866
4866
4866
4866
4867
4867
4868
4869
4870
4871
4872
4874
4874
4875
4882
4882
4883
4886
4886
4886
4887
4887
4889
4890
4893
4894
4895
4896
4897
4898
4901
4906
4908
4908
4908
4909
4910
4911
4914
4914
4916
4918
4921
4921
4923
4924
4925
4927
4930
4930
4932
4933
4933
4934
4935
4935
4939
4941
4942
4942
4943
4944
4945
4945
4947
4947
4949
4949
4949
4949
4949
4950
4951
4954
4954
4954
4955
4955
4956
4956
4956
4957
4957
4958
4961
4961
4963
4963
4967
4968
4969
4970
4970
4971
4973
4973
4973
4973
4974
4976
4981
4981
4981
4982
4983
4984
4984
4985
4986
4986
4987
4987
4989
4989
4989
4991
4992
4995
4996
4996
4999
4999
5000
5002
5002
5002
5003
5004
5005
5006
5007
5010
5012
5013
5013
5014
5014
5016
5017
5017
5017
5018
5018
5019
5019
5022
5022
5024
5024
5026
5027
5029
5029
5033
5033
5035
5037
5037
5038
5039
5040
5041
5042
5043
5045
5045
5047
5047
5048
5049
5050
5050
5051
5051
5051
5051
5054
5055
5057
5060
5060
5062
5063
5064
5064
5064
5065
5066
5068
5068
5069
5070
5071
5071
5071
5071
5074
5075
5075
5075
5077
5077
5079
5081
5081
5081
5082
5082
5083
5085
5085
5086
5086
5087
5088
5088
5089
5093
5094
5097
5098
5098
5098
5100
5101
5101
5102
5103
5105
5109
5111
5111
5114
5114
5115
5116
5116
5117
5117
5118
5120
5123
5124
5125
5126
5126
5127
5128
5130
5131
5132
5133
5134
5136
5137
5139
5139
5141
5141
5143
5144
5145
5146
5147
5148
5149
5151
5151
5153
5154
5158
5158
5158
5158
5160
5160
5161
5161
5162
5162
5163
5168
5169
5170
5171
5172
5172
5173
5175
5175
5176
5176
5176
5177
5178
5181
5182
5183
5183
5184
5185
5187
5187
5188
5189
5190
5190
5191
5191
5192
5193
5195
5198
5200
5200
5207
5210
5210
5211
5213
5214
5214
5214
5214
5214
5215
5215
5216
5217
5217
5218
5219
5220
5225
5226
5228
5228
5229
5230
5235
5235
5235
5236
5236
5237
5237
5239
5240
5241
5241
5242
5243
5243
5244
5244
5245
5246
5247
5247
5247
5248
5249
5250
5250
5250
5252
5252
5252
5253
5254
5255
5257
5258
5258
5259
5259
5260
5261
5261
5261
5262
5263
5263
5264
5264
5267
5267
5267
5268
5270
5270
5271
5271
5272
5273
5273
5273
5273
5276
5276
5277
5279
5279
5280
5282
5285
5286
5287
5288
5289
5289
5289
5290
5290
5290
5291
5291
5291
5292
5292
5293
5294
5294
5295
5295
5295
5299
5299
5299
5299
5299
5299
5300
5301
5302
5302
5305
5306
5307
5308
5310
5311
5312
5314
5314
5314
5315
5315
5316
5316
5316
5318
5319
5319
5323
5324
5324
5325
5326
5327
5329
5329
5330
5330
5331
5331
5333
5333
5333
5333
5334
5337
5337
5339
5342
5343
5343
5345
5345
5346
5346
5346
5349
5349
5350
5350
5352
5353
5355
5357
5358
5361
5363
5363
5364
5365
5365
5365
5369
5371
5372
5373
5373
5376
5376
5376
5377
5378
5379
5379
5380
5381
5382
5383
5383
5387
5387
5388
5388
5388
5389
5389
5392
5392
5393
5395
5396
5396
5399
5400
5400
5401
5402
5403
5404
5405
5405
5407
5408
5409
5409
5409
5410
5410
5410
5411
5412
5412
5413
5415
5416
5417
5420
5422
5422
5423
5425
5425
5426
5427
5427
5428
5428
5431
5431
5432
5435
5436
5436
5437
5439
5442
5444
5444
5446
5447
5447
5450
5452
5454
5454
5455
5456
5456
5459
5459
5462
5462
5462
5463
5463
5463
5464
5464
5465
5465
5471
5474
5474
5477
5478
5479
5480
5480
5480
5481
5483
5483
5484
5484
5484
5486
5487
5488
5490
5490
5492
5492
5492
5492
5493
5495
5498
5500
5500
5501
5502
5502
5505
5505
5505
5506
5506
5506
5507
5507
5508
5508
5508
5509
5512
5512
5512
5514
5517
5519
5520
5520
5521
5524
5529
5530
5533
5533
5533
5534
5534
5534
5535
5535
5538
5539
5541
5541
5542
5543
5543
5544
5545
5545
5546
5547
5547
5548
5548
5548
5549
5550
5551
5552
5552
5552
5554
5556
5557
5558
5558
5559
5561
5563
5564
5564
5567
5567
5569
5569
5572
5573
5574
5574
5576
5578
5578
5580
5581
5581
5583
5588
5588
5589
5590
5591
5591
5592
5592
5592
5593
5595
5596
5596
5596
5597
5597
5598
5598
5598
5599
5600
5601
5601
5606
5607
5608
5611
5611
5611
5612
5612
5612
5612
5613
5614
5616
5616
5616
5617
5617
5619
5619
5623
5623
5624
5625
5625
5626
5627
5627
5627
5629
5630
5631
5631
5634
5634
5636
5637
5637
5637
5638
5639
5640
5641
5642
5642
5643
5645
5647
5649
5650
5650
5650
5651
5651
5651
5652
5652
5655
5656
5656
5656
5657
5658
5660
5661
5662
5665
5665
5666
5667
5667
5668
5668
5670
5670
5670
5671
5674
5675
5678
5678
5680
5680
5682
5683
5685
5685
5687
5689
5691
5692
5692
5692
5693
5696
5697
5697
5698
5698
5699
5700
5700
5702
5702
5705
5705
5705
5705
5706
5706
5706
5707
5708
5708
5708
5709
5712
5713
5714
5716
5716
5719
5719
5719
5720
5721
5721
5721
5722
5722
5723
5723
5723
5723
5725
5725
5726
5726
5727
5729
5731
5731
5732
5733
5735
5736
5736
5736
5736
5737
5737
5738
5739
5740
5740
5741
5747
5748
5748
5749
5749
5749
5750
5753
5754
5755
5756
5758
5759
5759
5760
5762
5763
5764
5765
5766
5766
5767
5767
5768
5769
5769
5770
5770
5770
5771
5772
5774
5775
5776
5778
5783
5783
5784
5785
5785
5786
5787
5787
5788
5789
5789
5791
5791
5791
5791
5791
5792
5793
5793
5793
5793
5794
5794
5795
5795
5798
5799
5799
5800
5800
5802
5803
5804
5804
5804
5804
5806
5807
5811
5811
5811
5811
5812
5812
5816
5817
5818
5821
5821
5822
5822
5824
5826
5826
5826
5826
5827
5829
5829
5829
5831
5832
5833
5834
5836
5836
5837
5838
5840
5841
5842
5843
5843
5843
5844
5844
5844
5844
5845
5846
5847
5847
5847
5848
5848
5848
5849
5850
5850
5852
5852
5853
5853
5855
5856
5857
5858
5861
5862
5862
5863
5864
5864
5865
5865
5866
5867
5867
5867
5867
5868
5868
5869
5870
5871
5875
5875
5876
5877
5878
5878
5880
5880
5881
5882
5883
5884
5885
5887
5888
5890
5891
5897
5898
5899
5899
5904
5904
5904
5907
5912
5913
5913
5914
5915
5916
5917
5920
5921
5921
5921
5921
5922
5923
5924
5925
5925
5929
5929
5930
5930
5931
5931
5935
5937
5937
5939
5939
5939
5939
5940
5941
5942
5943
5944
5948
5948
5948
5949
5949
5950
5953
5955
5958
5959
5960
5960
5961
5961
5961
5963
5964
5965
5966
5966
5967
5969
5969
5969
5970
5971
5971
5972
5974
5974
5974
5974
5976
5978
5979
5981
5981
5983
5983
5983
5985
5985
5985
5986
5987
5988
5989
5989
5990
5991
5993
5993
5994
5994
5994
5996
5996
5996
5998
5999
6000
6000
6001
6001
6001
6002
6002
6002
6004
6004
6005
6006
6008
6008
6008
6010
6010
6010
6012
6014
6015
6018
6020
6021
6022
6022
6023
6023
6024
6025
6026
6027
6029
6030
6030
6032
6033
6034
6035
6035
6037
6038
6045
6045
6046
6049
6049
6050
6050
6053
6054
6056
6059
6060
6061
6062
6064
6067
6070
6070
6070
6071
6072
6072
6073
6074
6074
6074
6075
6078
6078
6078
6081
6082
6084
6084
6084
6085
6085
6089
6092
6092
6093
6094
6095
6095
6096
6096
6097
6097
6098
6098
6099
6100
6100
6101
6101
6101
6103
6103
6104
6104
6106
6107
6107
6108
6110
6111
6111
6111
6112
6112
6114
6114
6116
6117
6118
6118
6118
6119
6120
6120
6121
6123
6124
6128
6129
6132
6134
6135
6136
6137
6138
6138
6138
6139
6142
6142
6142
6144
6147
6147
6148
6149
6149
6150
6150
6150
6151
6152
6152
6152
6152
6155
6155
6155
6156
6159
6159
6160
6164
6166
6168
6168
6169
6169
6169
6171
6172
6172
6172
6173
6173
6173
6173
6175
6175
6175
6176
6179
6180
6183
6184
6184
6185
6185
6185
6186
6186
6186
6186
6188
6188
6190
6190
6191
6191
6191
6191
6192
6193
6195
6195
6196
6196
6196
6196
6196
6197
6198
6200
6201
6202
6202
6202
6203
6204
6204
6205
6206
6208
6208
6208
6211
6211
6215
6215
6216
6216
6217
6218
6219
6220
6222
6225
6226
6227
6227
6228
6228
6228
6228
6229
6231
6231
6232
6234
6237
6238
6239
6240
6241
6242
6245
6245
6246
6247
6248
6248
6249
6252
6253
6254
6256
6257
6258
6259
6259
6260
6260
6262
6266
6266
6267
6267
6268
6268
6268
6268
6272
6273
6274
6275
6275
6278
6279
6279
6282
6282
6285
6285
6286
6287
6287
6289
6294
6297
6298
6299
6299
6301
6303
6303
6307
6307
6308
6308
6308
6311
6311
6311
6312
6313
6314
6317
6318
6318
6319
6324
6325
6325
6329
6330
6331
6332
6332
6334
6334
6336
6337
6339
6339
6339
6340
6341
6342
6343
6345
6346
6346
6348
6348
6349
6349
6350
6350
6352
6353
6353
6356
6357
6359
6360
6362
6363
6365
6366
6368
6369
6370
6372
6373
6374
6374
6375
6378
6383
6383
6384
6386
6387
6388
6388
6390
6391
6391
6392
6393
6393
6395
6397
6397
6398
6398
6400
6400
6400
6401
6401
6402
6403
6406
6406
6407
6407
6409
6410
6412
6414
6414
6417
6417
6417
6418
6420
6421
6422
6423
6427
6427
6427
6429
6430
6432
6432
6433
6434
6434
6435
6435
6435
6436
6437
6437
6440
6440
6441
6442
6442
6444
6446
6447
6447
6448
6448
6449
6449
6451
6452
6453
6454
6455
6456
6456
6456
6459
6460
6461
6463
6463
6465
6466
6466
6466
6466
6467
6467
6467
6468
6469
6469
6470
6470
6472
6473
6474
6474
6475
6477
6478
6479
6481
6483
6484
6484
6484
6486
6486
6486
6486
6486
6487
6488
6490
6491
6492
6493
6494
6496
6496
6497
6497
6497
6498
6499
6499
6500
6500
6503
6504
6505
6510
6510
6510
6512
6513
6516
6518
6519
6520
6520
6520
6522
6523
6523
6525
6526
6527
6528
6531
6532
6532
6534
6535
6536
6537
6538
6539
6539
6540
6540
6540
6541
6541
6543
6543
6544
6544
6544
6546
6547
6548
6548
6552
6552
6554
6555
6556
6557
6557
6559
6562
6562
6562
6562
6563
6563
6566
6566
6566
6567
6570
6571
6571
6571
6573
6574
6575
6576
6578
6578
6579
6579
6580
6580
6583
6583
6583
6584
6585
6586
6587
6587
6587
6590
6590
6592
6592
6592
6594
6595
6595
6595
6595
6597
6597
6597
6597
6598
6599
6600
6601
6604
6606
6608
6608
6610
6610
6611
6611
6612
6612
6613
6614
6615
6616
6616
6616
6618
6620
6620
6621
6623
6624
6624
6624
6626
6627
6628
6628
6630
6632
6633
6637
6638
6639
6639
6640
6643
6647
6649
6649
6649
6651
6651
6656
6657
6657
6659
6659
6661
6664
6667
6668
6670
6670
6671
6673
6674
6675
6675
6677
6677
6678
6679
6680
6680
6680
6681
6681
6681
6683
6684
6685
6690
6691
6692
6693
6693
6694
6694
6695
6696
6696
6697
6697
6697
6698
6699
6703
6705
6706
6707
6708
6709
6712
6712
6714
6715
6717
6718
6718
6719
6721
6722
6724
6725
6726
6726
6730
6730
6730
6732
6734
6734
6735
6735
6735
6735
6737
6738
6740
6741
6741
6741
6742
6742
6742
6744
6744
6746
6747
6747
6748
6749
6750
6753
6753
6754
6755
6755
6759
6759
6761
6763
6764
6765
6766
6767
6767
6767
6768
6769
6769
6770
6770
6772
6773
6774
6775
6781
6781
6782
6785
6785
6789
6790
6792
6796
6797
6798
6798
6799
6799
6802
6802
6802
6803
6803
6803
6803
6803
6804
6804
6804
6808
6809
6809
6812
6812
6813
6813
6814
6814
6814
6817
6817
6818
6819
6819
6823
6823
6824
6827
6829
6829
6829
6829
6829
6830
6830
6835
6837
6838
6838
6839
6839
6839
6839
6840
6843
6845
6845
6845
6848
6849
6849
6849
6853
6854
6854
6857
6857
6857
6857
6858
6859
6860
6860
6861
6862
6866
6867
6870
6870
6871
6871
6873
6873
6873
6874
6875
6876
6877
6879
6879
6880
6882
6883
6884
6884
6888
6888
6888
6889
6890
6895
6897
6897
6901
6904
6905
6905
6906
6907
6909
6910
6911
6912
6914
6915
6916
6917
6918
6918
6921
6922
6924
6925
6926
6926
6927
6928
6929
6929
6930
6932
6932
6933
6933
6934
6935
6935
6937
6938
6939
6941
6941
6942
6943
6943
6943
6944
6944
6945
6946
6946
6947
6948
6949
6949
6949
6950
6950
6951
6952
6952
6955
6956
6957
6962
6962
6966
6966
6966
6970
6970
6970
6971
6972
6972
6973
6973
6974
6975
6976
6976
6980
6980
6981
6985
6987
6988
6989
6989
6992
6992
6995
6996
6996
6997
6998
6998
6998
6999
6999
7001
7002
7002
7003
7003
7003
7004
7005
7006
7007
7008
7008
7009
7009
7015
7015
7016
7017
7019
7019
7021
7026
7028
7029
7032
7032
7034
7034
7035
7035
7035
7036
7037
7038
7039
7041
7043
7043
7044
7045
7045
7045
7047
7047
7050
7051
7051
7052
7052
7053
7053
7055
7055
7057
7058
7058
7059
7060
7062
7067
7068
7068
7069
7072
7072
7074
7074
7075
7078
7078
7078
7079
7079
7079
7080
7084
7085
7086
7086
7086
7089
7090
7091
7093
7094
7094
7095
7095
7096
7096
7096
7097
7097
7098
7098
7099
7102
7102
7102
7104
7104
7107
7108
7108
7108
7109
7110
7112
7112
7112
7113
7114
7115
7116
7116
7118
7118
7119
7122
7123
7125
7127
7127
7127
7128
7128
7130
7130
7131
7133
7137
7137
7137
7138
7138
7142
7142
7143
7143
7145
7146
7146
7147
7148
7148
7148
7150
7150
7150
7152
7152
7152
7153
7154
7155
7156
7158
7159
7159
7166
7167
7169
7169
7171
7173
7175
7179
7180
7181
7182
7184
7185
7189
7192
7192
7193
7193
7194
7196
7197
7198
7199
7200
7201
7201
7202
7202
7202
7203
7203
7204
7209
7209
7209
7209
7209
7211
7212
7213
7213
7215
7215
7215
7215
7217
7221
7222
7222
7224
7226
7230
7231
7235
7236
7236
7238
7240
7240
7241
7241
7243
7244
7245
7246
7246
7248
7250
7251
7251
7252
7256
7256
7259
7259
7259
7260
7260
7260
7262
7262
7263
7263
7264
7265
7267
7268
7269
7269
7269
7269
7271
7274
7274
7276
7276
7278
7278
7278
7280
7282
7285
7285
7286
7286
7287
7288
7291
7291
7291
7291
7292
7292
7292
7292
7293
7293
7297
7300
7300
7300
7301
7302
7302
7303
7303
7307
7307
7308
7308
7309
7310
7311
7313
7314
7315
7318
7318
7320
7322
7323
7323
7325
7326
7327
7327
7328
7330
7330
7330
7330
7332
7332
7335
7336
7336
7338
7339
7340
7340
7341
7343
7343
7343
7344
7346
7347
7347
7348
7348
7350
7350
7351
7351
7352
7352
7354
7358
7358
7360
7361
7364
7365
7365
7366
7366
7366
7367
7368
7369
7369
7369
7370
7372
7373
7373
7374
7376
7377
7379
7379
7379
7380
7380
7381
7382
7383
7383
7383
7385
7386
7386
7389
7390
7391
7393
7394
7395
7397
7397
7397
7399
7399
7400
7401
7404
7407
7408
7410
7410
7410
7412
7412
7414
7414
7415
7415
7418
7419
7419
7421
7421
7423
7423
7424
7425
7427
7429
7429
7430
7431
7435
7435
7436
7437
7437
7438
7440
7441
7443
7444
7445
7445
7447
7447
7448
7449
7453
7453
7455
7455
7459
7459
7460
7461
7461
7462
7463
7463
7464
7464
7465
7467
7467
7467
7468
7469
7470
7470
7470
7471
7472
7472
7472
7472
7473
7473
7473
7473
7476
7477
7479
7479
7483
7483
7486
7487
7490
7490
7490
7490
7492
7492
7492
7493
7493
7493
7494
7494
7496
7497
7498
7499
7500
7502
7503
7503
7504
7505
7507
7507
7508
7509
7509
7509
7510
7512
7513
7513
7513
7513
7513
7514
7514
7515
7515
7517
7521
7521
7522
7522
7523
7524
7524
7525
7525
7527
7533
7533
7534
7534
7537
7539
7542
7543
7545
7545
7546
7546
7547
7552
7553
7553
7554
7557
7557
7561
7561
7563
7563
7563
7563
7564
7564
7565
7567
7568
7569
7570
7571
7572
7574
7574
7575
7577
7577
7577
7582
7583
7585
7585
7587
7587
7588
7588
7589
7589
7589
7591
7591
7593
7596
7596
7598
7598
7599
7600
7604
7606
7607
7608
7608
7609
7610
7612
7612
7613
7614
7615
7615
7617
7617
7618
7618
7618
7619
7621
7622
7623
7623
7623
7623
7625
7625
7627
7629
7630
7631
7631
7631
7632
7632
7634
7636
7638
7639
7640
7641
7642
7643
7646
7647
7647
7648
7649
7651
7654
7657
7657
7659
7659
7660
7661
7662
7663
7663
7665
7665
7667
7668
7668
7671
7671
7672
7674
7675
7675
7675
7675
7681
7683
7683
7684
7684
7685
7687
7688
7689
7690
7691
7692
7692
7692
7692
7694
7696
7697
7698
7699
7699
7699
7699
7702
7706
7707
7707
7707
7707
7709
7710
7710
7711
7712
7712
7712
7713
7714
7715
7715
7715
7716
7717
7718
7719
7719
7719
7723
7724
7725
7725
7726
7727
7728
7729
7730
7730
7731
7732
7732
7732
7732
7732
7733
7734
7735
7736
7737
7737
7737
7739
7739
7740
7740
7740
7740
7741
7741
7742
7744
7746
7748
7749
7751
7754
7754
7754
7755
7756
7756
7756
7756
7757
7758
7759
7759
7760
7761
7762
7764
7765
7765
7766
7770
7771
7773
7773
7773
7774
7778
7780
7780
7782
7783
7784
7784
7786
7787
7788
7791
7793
7793
7793
7794
7795
7795
7797
7797
7797
7798
7798
7799
7800
7801
7801
7802
7802
7802
7802
7803
7804
7804
7805
7806
7808
7809
7809
7809
7811
7812
7812
7813
7814
7815
7815
7816
7817
7818
7819
7820
7820
7821
7823
7825
7825
7826
7826
7827
7827
7828
7830
7832
7833
7834
7835
7836
7837
7837
7839
7842
7844
7844
7845
7845
7846
7847
7848
7849
7850
7851
7852
7852
7853
7854
7855
7861
7861
7862
7862
7863
7868
7870
7870
7871
7871
7871
7872
7872
7874
7874
7876
7876
7876
7878
7879
7883
7883
7884
7886
7887
7889
7890
7891
7892
7892
7892
7892
7893
7895
7896
7901
7902
7902
7903
7903
7905
7906
7907
7909
7910
7911
7912
7913
7915
7915
7916
7916
7917
7918
7918
7919
7922
7923
7926
7927
7928
7929
7929
7930
7930
7931
7931
7931
7931
7933
7933
7933
7935
7937
7938
7938
7942
7943
7943
7945
7946
7947
7947
7948
7948
7949
7950
7951
7951
7953
7954
7955
7957
7958
7958
7960
7960
7961
7964
7966
7966
7966
7966
7968
7968
7968
7968
7969
7969
7970
7970
7973
7975
7976
7976
7977
7977
7977
7978
7981
7983
7983
7984
7985
7987
7987
7987
7988
7988
7989
7989
7990
7990
7991
7992
7993
7996
7996
7997
7997
7999
7999
8001
8001
8002
8002
8002
8004
8004
8006
8006
8007
8010
8012
8013
8014
8016
8017
8018
8018
8019
8020
8020
8020
8020
8022
8023
8023
8023
8025
8025
8028
8028
8030
8030
8031
8031
8033
8033
8033
8034
8034
8034
8038
8038
8039
8039
8040
8040
8041
8042
8044
8044
8046
8048
8050
8051
8052
8054
8058
8059
8059
8060
8061
8061
8066
8066
8068
8068
8073
8073
8077
8079
8079
8080
8081
8081
8081
8082
8082
8083
8083
8083
8086
8086
8086
8087
8089
8090
8090
8092
8092
8094
8095
8096
8099
8100
8100
8101
8101
8102
8103
8107
8107
8107
8108
8109
8110
8110
8111
8112
8113
8114
8114
8116
8116
8117
8119
8119
8120
8121
8122
8122
8122
8123
8124
8124
8124
8124
8125
8125
8126
8127
8128
8128
8129
8129
8129
8131
8133
8134
8137
8137
8139
8140
8141
8141
8143
8143
8144
8146
8148
8148
8149
8149
8150
8152
8152
8154
8154
8154
8157
8157
8158
8160
8161
8165
8168
8168
8168
8168
8172
8173
8173
8176
8177
8177
8178
8180
8182
8186
8186
8187
8187
8189
8189
8193
8195
8203
8204
8205
8206
8208
8210
8211
8211
8213
8214
8214
8215
8218
8221
8221
8221
8222
8224
8225
8225
8225
8226
8226
8227
8228
8231
8231
8234
8234
8236
8237
8237
8242
8243
8244
8244
8245
8245
8246
8247
8248
8249
8250
8252
8253
8253
8253
8253
8255
8255
8258
8262
8264
8266
8267
8267
8267
8267
8269
8270
8272
8273
8273
8273
8274
8274
8275
8276
8276
8276
8278
8278
8278
8279
8280
8280
8281
8281
8282
8285
8287
8288
8289
8292
8293
8295
8295
8295
8295
8296
8299
8301
8301
8302
8302
8303
8303
8304
8304
8305
8306
8308
8308
8309
8311
8311
8311
8312
8312
8314
8314
8316
8317
8319
8320
8320
8321
8322
8324
8324
8325
8326
8326
8328
8330
8332
8333
8335
8335
8336
8337
8339
8339
8343
8345
8346
8346
8349
8349
8350
8353
8354
8355
8356
8356
8359
8360
8361
8361
8361
8362
8363
8363
8363
8364
8364
8365
8366
8366
8367
8368
8368
8368
8368
8369
8369
8369
8377
8378
8378
8380
8381
8383
8383
8384
8385
8385
8386
8387
8387
8387
8388
8389
8389
8391
8391
8393
8393
8394
8395
8396
8398
8398
8398
8399
8400
8400
8401
8405
8406
8407
8408
8409
8409
8409
8410
8410
8412
8412
8413
8413
8414
8414
8416
8416
8416
8418
8420
8423
8424
8425
8425
8426
8426
8426
8427
8427
8428
8429
8429
8430
8432
8434
8438
8441
8443
8443
8443
8443
8444
8444
8444
8447
8448
8449
8449
8449
8453
8454
8454
8457
8458
8458
8459
8460
8460
8461
8461
8462
8463
8463
8463
8463
8463
8465
8465
8467
8467
8468
8470
8471
8471
8474
8474
8474
8474
8475
8477
8480
8481
8482
8484
8485
8485
8485
8485
8487
8491
8491
8492
8492
8493
8495
8496
8497
8497
8498
8498
8499
8499
8500
8500
8501
8502
8502
8505
8506
8508
8509
8510
8512
8512
8516
8518
8518
8519
8519
8524
8525
8526
8527
8531
8531
8532
8532
8532
8532
8532
8534
8534
8535
8539
8539
8540
8540
8540
8541
8544
8545
8545
8547
8548
8550
8551
8552
8554
8557
8558
8558
8559
8566
8567
8568
8570
8571
8571
8572
8572
8572
8573
8573
8573
8574
8575
8577
8577
8578
8579
8582
8582
8583
8583
8583
8584
8584
8585
8586
8586
8587
8588
8588
8589
8590
8591
8591
8594
8595
8597
8598
8598
8598
8599
8599
8600
8601
8603
8603
8605
8606
8607
8607
8608
8608
8609
8611
8612
8613
8613
8617
8619
8619
8620
8621
8622
8622
8622
8623
8623
8624
8624
8626
8629
8629
8629
8629
8630
8631
8633
8633
8633
8636
8636
8637
8640
8641
8642
8644
8644
8645
8646
8646
8647
8647
8647
8648
8650
8650
8650
8651
8651
8652
8652
8655
8655
8658
8659
8661
8661
8662
8662
8666
8667
8672
8672
8675
8680
8680
8681
8683
8683
8683
8685
8686
8686
8686
8686
8687
8687
8688
8689
8689
8690
8692
8693
8693
8694
8696
8697
8697
8697
8698
8698
8699
8699
8700
8700
8702
8703
8704
8704
8704
8706
8706
8706
8707
8708
8708
8708
8708
8710
8710
8710
8710
8710
8712
8714
8714
8714
8715
8716
8721
8721
8722
8723
8724
8724
8724
8724
8727
8727
8727
8727
8728
8729
8731
8732
8732
8734
8735
8735
8736
8736
8737
8738
8741
8744
8745
8745
8745
8745
8746
8750
8750
8751
8752
8753
8755
8757
8757
8758
8758
8758
8759
8759
8759
8761
8763
8763
8764
8769
8769
8769
8770
8771
8771
8772
8772
8772
8773
8777
8779
8780
8782
8784
8785
8786
8787
8790
8791
8793
8794
8794
8794
8795
8795
8796
8797
8797
8798
8798
8800
8800
8801
8801
8801
8802
8803
8807
8807
8808
8809
8809
8810
8810
8814
8815
8815
8815
8816
8817
8820
8821
8821
8823
8824
8824
8825
8827
8829
8830
8831
8832
8833
8839
8840
8841
8841
8842
8842
8843
8844
8847
8847
8847
8848
8850
8851
8851
8852
8854
8857
8858
8858
8861
8861
8861
8862
8862
8863
8866
8866
8867
8868
8868
8869
8870
8870
8873
8875
8876
8878
8879
8879
8880
8880
8880
8881
8883
8884
8885
8888
8888
8888
8889
8889
8891
8893
8893
8894
8894
8894
8894
8895
8895
8897
8897
8898
8898
8898
8899
8901
8901
8902
8904
8905
8906
8908
8909
8911
8911
8913
8913
8914
8916
8916
8917
8918
8921
8921
8921
8923
8927
8928
8928
8930
8931
8933
8935
8936
8936
8937
8939
8940
8941
8943
8943
8945
8945
8947
8948
8948
8948
8948
8950
8951
8954
8955
8955
8956
8957
8959
8959
8960
8960
8961
8961
8963
8964
8966
8966
8968
8969
8969
8969
8970
8971
8972
8974
8975
8975
8975
8976
8976
8979
8979
8980
8980
8982
8985
8986
8986
8986
8986
8987
8989
8989
8990
8992
8992
8993
8993
8993
8995
8996
8996
8998
8998
8999
9000
9002
9003
9003
9004
9005
9006
9006
9007
9007
9007
9008
9008
9012
9012
9012
9014
9014
9014
9016
9016
9017
9018
9019
9019
9020
9020
9023
9023
9026
9026
9026
9029
9030
9031
9031
9032
9033
9033
9033
9035
9035
9036
9037
9039
9039
9040
9042
9042
9042
9042
9043
9044
9044
9044
9049
9054
9054
9055
9056
9056
9058
9061
9065
9066
9070
9071
9072
9073
9074
9076
9077
9080
9082
9084
9084
9086
9087
9088
9090
9091
9091
9092
9093
9093
9093
9094
9096
9104
9104
9104
9105
9105
9106
9107
9108
9109
9113
9114
9115
9115
9115
9116
9117
9120
9121
9123
9126
9127
9128
9129
9131
9131
9133
9133
9135
9136
9139
9140
9140
9140
9140
9141
9141
9142
9147
9148
9149
9149
9150
9151
9152
9152
9152
9154
9158
9158
9162
9162
9163
9163
9163
9165
9167
9167
9170
9170
9171
9171
9173
9174
9176
9177
9177
9178
9178
9179
9185
9185
9188
9190
9195
9196
9197
9199
9199
9200
9202
9203
9206
9207
9207
9208
9208
9208
9210
9211
9211
9212
9213
9213
9214
9215
9219
9219
9219
9219
9220
9220
9220
9221
9221
9223
9223
9224
9228
9232
9232
9232
9233
9233
9233
9233
9233
9234
9235
9236
9236
9237
9237
9238
9239
9242
9243
9244
9244
9245
9246
9246
9246
9250
9256
9257
9257
9257
9258
9259
9260
9261
9261
9261
9262
9264
9266
9266
9266
9269
9270
9272
9274
9275
9276
9276
9277
9278
9282
9283
9283
9286
9286
9287
9288
9291
9291
9293
9293
9293
9294
9297
9299
9300
9301
9301
9301
9301
9303
9303
9304
9304
9305
9308
9310
9310
9311
9311
9311
9312
9312
9312
9314
9314
9315
9315
9316
9318
9318
9319
9319
9321
9322
9322
9322
9323
9323
9324
9324
9325
9326
9326
9326
9327
9328
9329
9329
9330
9330
9331
9332
9332
9334
9334
9335
9335
9335
9335
9335
9336
9336
9336
9337
9338
9338
9339
9345
9345
9345
9346
9347
9347
9349
9350
9353
9354
9354
9355
9356
9357
9358
9359
9361
9362
9362
9364
9364
9366
9367
9367
9368
9368
9376
9377
9377
9378
9381
9381
9386
9386
9387
9388
9388
9390
9390
9392
9393
9394
9396
9396
9397
9397
9397
9399
9399
9399
9400
9400
9400
9401
9402
9403
9406
9407
9408
9409
9410
9412
9412
9412
9413
9414
9414
9414
9414
9415
9416
9417
9418
9421
9421
9421
9424
9424
9424
9425
9425
9426
9426
9428
9429
9430
9430
9432
9432
9434
9435
9436
9438
9439
9439
9442
9443
9443
9443
9443
9449
9450
9451
9452
9452
9453
9453
9453
9454
9454
9454
9454
9456
9457
9459
9459
9460
9460
9460
9461
9462
9464
9465
9465
9465
9466
9467
9469
9470
9471
9471
9472
9473
9474
9477
9478
9479
9480
9483
9483
9485
9486
9486
9486
9487
9488
9488
9489
9489
9490
9490
9491
9493
9495
9497
9500
9502
9502
9503
9503
9504
9504
9505
9507
9509
9510
9510
9511
9512
9512
9512
9513
9513
9516
9516
9517
9517
9518
9518
9518
9519
9523
9530
9534
9535
9536
9537
9537
9538
9538
9539
9540
9541
9542
9543
9543
9548
9548
9550
9550
9551
9552
9552
9554
9556
9556
9556
9557
9559
9563
9563
9564
9567
9568
9569
9570
9571
9573
9573
9574
9575
9575
9576
9576
9578
9578
9579
9580
9581
9582
9583
9584
9585
9586
9586
9587
9588
9588
9589
9589
9590
9594
9595
9596
9596
9597
9598
9598
9599
9600
9600
9601
9602
9602
9602
9605
9605
9605
9607
9607
9609
9609
9610
9611
9614
9617
9617
9618
9618
9619
9621
9622
9623
9624
9624
9625
9628
9628
9628
9629
9630
9630
9631
9631
9632
9632
9633
9633
9633
9634
9635
9636
9636
9638
9639
9640
9640
9640
9643
9644
9644
9644
9645
9647
9648
9650
9650
9651
9652
9652
9653
9653
9654
9657
9658
9658
9658
9659
9660
9661
9663
9663
9663
9664
9665
9665
9666
9666
9668
9668
9668
9669
9669
9670
9671
9675
9677
9677
9678
9679
9679
9679
9680
9682
9682
9682
9682
9687
9689
9690
9691
9692
9692
9696
9696
9699
9699
9699
9700
9700
9701
9703
9705
9705
9708
9708
9708
9708
9709
9710
9711
9711
9712
9714
9714
9714
9715
9716
9716
9717
9718
9720
9722
9722
9722
9722
9723
9723
9725
9726
9729
9729
9730
9730
9731
9731
9732
9733
9734
9734
9735
9736
9737
9737
9739
9739
9740
9742
9742
9743
9743
9745
9745
9747
9747
9748
9750
9750
9750
9751
9751
9751
9751
9753
9754
9755
9755
9755
9755
9755
9755
9756
9757
9758
9758
9759
9759
9760
9761
9761
9762
9764
9764
9764
9764
9764
9765
9767
9768
9771
9772
9773
9774
9774
9776
9780
9780
9786
9787
9788
9789
9790
9791
9792
9792
9793
9794
9794
9795
9795
9796
9800
9802
9803
9804
9804
9806
9808
9808
9809
9811
9811
9812
9813
9814
9814
9814
9816
9817
9817
9819
9819
9820
9820
9821
9822
9822
9824
9824
9825
9829
9829
9832
9833
9835
9835
9836
9836
9837
9837
9839
9840
9847
9849
9850
9850
9851
9852
9852
9853
9854
9855
9860
9862
9863
9863
9864
9864
9867
9868
9868
9870
9872
9875
9875
9876
9877
9877
9877
9878
9878
9879
9880
9881
9882
9882
9882
9885
9886
9889
9890
9891
9891
9892
9892
9897
9901
9903
9905
9906
9908
9908
9909
9910
9911
9912
9912
9914
9915
9919
9919
9921
9922
9923
9924
9924
9925
9925
9926
9926
9926
9928
9930
9930
9935
9936
9936
9936
9939
9939
9940
9941
9941
9943
9945
9946
9946
9947
9949
9952
9952
9952
9952
9954
9954
9955
9958
9962
9962
9963
9965
9966
9967
9968
9969
9973
9975
9975
9975
9975
9975
9977
9977
9978
9978
9979
9981
9984
9985
9988
9988
9988
9989
9991
9991
9993
9993
9995
9995
9995
10000
