8736
4909
4680
1206
8081
3557
3940
9007
9658
9286
8687
7224
374
9071
624
6697
577
896
2013
9755
2827
3189
2751
5714
9402
5290
893
3391
8369
8710
937
8366
4973
3423
5652
3894
9678
1532
9643
7587
1536
9988
8423
8519
7802
2108
278
8335
2325
1013
7395
6341
3153
794
8030
9692
8485
3971
7330
710
8727
5806
7874
9634
4116
2990
6734
9563
425
6247
8763
7104
1402
5821
5267
789
4751
738
864
7336
6119
8189
1631
482
2884
381
2144
5720
7872
9358
5214
4528
5803
7352
3921
798
7614
9516
480
7710
2928
5383
9326
5462
2441
5446
9336
2994
7707
9044
3826
8645
1210
6748
1978
2617
7570
8603
9731
7503
2899
8081
6486
1612
8337
6765
7222
6059
7019
3665
2465
7131
6932
187
8689
8843
3643
3103
4774
9764
9017
9400
6469
6910
2686
4883
8040
1955
2223
5841
2747
8930
8004
7927
2746
1243
3941
5139
5027
4072
8187
4085
6257
5685
2660
1536
3415
9093
5794
5948
4067
1351
7415
5614
9329
6824
9811
7035
51
1284
187
8971
6330
5422
413
5807
2454
153
9991
4073
8540
8975
9795
7291
7987
595
32
2357
7285
2917
9542
4392
4097
272
8314
3483
7147
9666
7890
5665
851
9774
3129
3349
4102
6921
6803
3857
3110
4072
886
8158
3350
8986
8124
6384
4243
2862
3235
1742
998
4099
6976
4755
4362
6204
9434
9975
3003
598
7166
8893
4188
9483
6004
5000
3726
3501
2804
4886
991
8661
2487
6566
6383
2031
2403
8427
7112
5868
5721
9399
9326
3470
5548
4871
7993
4856
727
5070
6311
2319
9012
2109
1627
146
5098
8355
8250
4560
8141
8706
4273
3726
1249
9624
6339
1334
8955
6056
8957
2875
1806
7533
9511
2614
6693
3790
947
3067
4908
6916
9108
6147
9093
9517
7802
4319
8586
7647
2672
5547
2295
5004
5897
6888
9239
3673
2970
4062
8947
351
6494
5656
942
8755
5631
1886
1400
3804
9734
4970
409
4864
929
6117
4621
1350
3086
1113
8545
6498
6735
3139
9908
8034
8690
6567
5702
2885
7410
4585
8496
6988
6466
8809
8928
8985
7038
6237
8956
1946
1346
8368
3266
8278
3307
7339
3481
713
1499
3395
6601
4551
1820
358
2961
9981
5912
261
2131
2111
4819
6179
7527
169
7215
5578
3421
7351
4842
6110
7623
726
1023
9141
8258
5299
7492
8281
8267
9012
726
9716
3866
7399
2995
8680
337
3209
4768
4961
6996
9699
8626
164
8325
7844
7050
4908
4070
9120
1909
8732
5290
6750
4379
7737
7855
7787
2121
5573
3162
9311
3974
1756
4867
3990
6319
565
2753
6285
249
2069
5436
6695
360
1897
4300
1707
3460
163
607
2505
8961
9751
4557
4149
7278
5455
4924
8675
4603
8304
7118
9703
2237
8648
2364
9032
7367
2744
462
5842
6111
2882
3989
1867
5244
2183
9644
5101
9835
7615
6186
2183
1626
2366
3689
9699
3896
5836
2798
2294
1104
9356
5994
9995
5003
8152
4860
5410
4078
6649
3646
8002
4134
9202
7004
3955
1893
3100
9722
8368
7288
1237
7737
457
8884
6037
5581
1803
660
9049
1750
1037
873
2247
5723
3249
2922
2858
5314
3957
5698
8332
3789
2620
5319
6317
4678
7095
5435
5707
6513
7327
945
3885
4949
848
1723
248
8700
6804
8308
5130
3086
2824
5592
4129
7463
5862
5290
1650
4114
604
4667
7823
6992
889
3163
6346
4181
2509
9314
369
848
312
9735
3540
7729
6664
8309
2470
7152
1745
325
3722
8943
1054
4638
1429
4785
9854
9325
1480
9237
60
993
564
9084
2850
5381
4992
3530
8025
6694
6192
6740
324
3050
2049
1177
8186
5785
9303
2904
8909
7307
4923
7003
5844
1281
1148
4743
161
7958
6962
4747
8165
4062
9432
4612
883
9819
9322
266
4292
8571
7221
3870
5330
4225
4546
4154
4339
3443
7561
9435
6532
3145
2688
6712
3963
6595
2221
7196
6241
3241
3657
1472
6150
3741
5345
6285
6537
1858
7797
1006
8487
1134
7833
7085
3999
1092
5401
6391
161
4302
8095
6307
1949
5302
3469
2758
3569
2064
2479
5247
772
1090
287
9586
9758
9923
687
8969
57
7915
9885
3503
1918
1686
9503
4415
9450
4089
146
5658
9409
2000
9745
1989
5132
5412
7834
2065
1431
9820
4583
5355
6084
7116
7631
1652
9880
8381
1078
3066
4130
1121
856
3820
4779
5759
7766
6548
3296
7647
9364
2738
6792
2699
5668
8703
5534
8121
5939
6463
7630
7749
5853
285
5365
3006
6386
9233
5361
4007
9742
751
530
8328
2289
2490
5502
8025
8662
4637
1419
9556
3033
9428
8683
4289
6395
3707
5456
1713
3883
3685
6615
7078
4901
9190
153
9679
3589
1462
3643
8221
4935
982
4114
2757
4559
2497
1224
1848
2238
1635
7668
3986
2250
8312
9436
1979
8861
1015
6002
7657
2916
7498
3180
6544
1491
3154
9223
9467
5277
940
6930
9266
8861
8079
2963
2695
752
432
1088
5163
5507
3449
2779
4277
897
8221
2809
9640
38
4732
3134
6222
6799
4608
890
5425
14
605
3258
2730
4332
8395
9579
7192
3851
2378
6383
9648
5316
7445
7638
5162
7401
5465
1673
2352
6578
2680
6942
5544
246
9390
6717
2554
8068
8551
7091
4231
6803
4826
5692
3810
1338
8633
9219
4726
6434
967
9759
8269
5427
6755
3604
7943
9839
8242
102
4005
1579
8350
9283
3111
31
6712
8031
4514
2923
6845
926
6248
7246
2932
3376
3921
5775
906
2073
616
3330
7269
917
5160
1475
3506
8746
9353
2361
417
2192
678
1003
2818
6260
880
7412
9925
9443
154
9946
3991
4517
7730
1382
1673
7978
2788
2217
6435
4949
3373
4518
7374
8598
8314
2301
1699
986
5236
7674
207
448
4645
1629
2605
8539
5312
6608
9640
5288
9493
5937
1177
5264
9952
3840
1295
2199
5598
1400
7795
6460
8429
758
3637
1176
4452
1418
9816
9877
1435
5168
3026
8772
1367
3293
9432
6444
6010
359
2437
3505
3341
6809
2412
937
6962
5736
8801
5326
3001
3392
1453
4424
3557
227
1230
4963
3267
4238
1019
4723
2388
1757
7108
3402
6245
8568
7365
401
6580
2237
4520
2880
2169
9113
2387
8474
2359
4089
4561
5530
7546
6817
1423
2666
2432
442
7662
8729
9817
7114
1050
7327
6173
1274
3440
8879
2977
2780
812
4632
6797
3352
975
1712
40
5474
7200
5795
352
6897
8475
8321
5651
1738
6496
8274
1551
3834
6938
4135
7642
6697
1812
6352
5120
9534
7093
7726
6946
9771
8608
7675
3337
5380
8499
1396
5799
7400
3491
2242
3213
4622
7414
2682
2238
5617
9602
5760
581
2957
1724
1059
9232
4061
1938
5014
1101
5105
4782
7976
1175
1648
9516
3258
9602
615
5767
5444
8572
9115
9669
411
6590
2948
4517
5126
5017
5217
6353
2298
8380
1262
8534
2354
1951
6929
5667
6339
9664
1439
822
2680
5252
5324
7937
3984
8577
4534
3587
5629
3460
6774
1739
1190
2964
6592
7445
4397
5318
9864
7037
4897
1779
6483
1945
2609
7837
5507
990
5123
2663
27
4679
9033
1962
7303
8769
5800
706
3843
8244
6204
3076
4437
7953
2391
4005
1529
3842
3654
4925
8990
9429
7464
9928
6926
6674
610
6027
9812
4801
6884
4355
8752
9042
7386
3180
8501
910
9234
7209
1349
6915
8387
9722
2900
5193
1725
4756
3976
5240
4835
3717
9135
369
8387
6268
8611
7732
3270
4098
3032
9607
9618
2504
1324
5687
7309
6874
8154
4780
3580
9040
9978
9811
680
1747
4216
3777
6580
6173
3399
3783
1570
1917
7209
5013
442
3811
7847
3381
4882
7835
6496
332
8226
1560
1532
3019
650
9277
9150
8831
4867
2258
1710
9236
515
598
2411
6211
3190
9892
1750
3136
8460
908
9722
599
2615
3742
2309
8418
4699
1124
7902
4468
2867
3572
8601
8054
21
9054
3004
4811
947
9339
9461
9489
437
1346
1241
5019
4389
7844
2384
9354
962
7282
9543
3566
5880
3114
4227
5840
8547
4427
5541
3284
7712
8894
5400
2811
3942
7171
51
8364
8785
8438
8267
5060
1877
794
9417
8688
4170
9257
2228
5593
3095
633
7419
1088
4614
5124
7948
3753
344
1509
4660
3814
3989
1589
4676
3615
2334
3435
7094
3407
1684
5396
8697
9513
6308
7096
3403
4957
6544
2927
7665
5273
330
4417
5154
5793
2828
1193
2932
502
2401
869
884
1053
9973
198
1757
7820
111
600
8312
2438
7883
498
6759
5276
1888
5302
1041
2948
3062
301
4866
7657
7354
7996
4461
2193
374
7490
4302
1364
1128
1239
8976
1165
6950
6067
7496
9754
3358
7379
3353
5583
5706
2871
451
2387
9220
5657
8600
3008
8898
8463
6918
4052
4702
9548
653
9483
2452
7687
5151
9808
9003
1609
661
1620
4314
5260
4973
7391
5708
8841
4643
2089
1158
9301
1182
2232
2823
6071
3275
8782
4519
2986
997
6981
7691
2033
6267
6072
6275
8386
540
637
5480
4339
9989
538
9140
2716
3741
6870
3204
4691
8650
98
1391
7212
5039
4013
3127
6637
8623
478
498
622
2423
2295
2073
6566
7035
5229
2433
2336
8237
1871
9569
7964
6867
5552
8895
5183
9294
7107
4742
9761
4068
8204
4378
2548
1750
8583
385
8608
9426
7588
2367
2000
4635
9502
7043
1355
9901
8287
4816
350
667
927
6972
8471
4490
8936
4266
2918
7874
4094
3640
4572
7512
3752
9301
6714
8320
4691
8465
1746
9814
6632
8966
9621
8870
5506
3896
8509
4954
7933
1694
9518
5837
6904
4683
2839
1406
5551
7733
2282
5791
1277
3294
4764
291
2862
5804
3337
5941
8449
9293
6374
6228
3438
4886
9167
9995
3
5292
6108
5512
9315
610
9510
2557
7036
86
2601
3642
3007
7839
5847
4705
4280
5066
6451
7681
9669
9149
2262
4830
385
7222
6611
9631
2188
6597
5228
4819
3893
1537
2109
8869
8396
6951
641
2762
9315
6952
9259
5081
3687
7473
2143
9133
4033
1522
9326
4855
7119
947
9424
5608
4182
8704
4961
7546
5878
8407
5811
7583
1537
7086
1430
5002
870
806
727
9556
9303
2338
6008
7808
3696
605
7180
569
2888
1558
3869
5847
6659
2308
2906
8666
1792
9207
9219
1488
9750
5890
9136
5611
7606
5642
7740
7397
2516
463
3351
6604
5198
2093
5111
2619
626
7034
9335
8629
3698
1922
9512
7471
6012
9740
548
8541
4203
5151
5541
2249
4178
33
5299
9911
1944
7783
7159
8499
7300
5330
2928
5033
6499
5456
5722
6474
7958
9430
6755
1340
9147
6033
266
6414
693
7256
8622
5094
8363
6334
4803
1381
6587
1858
5301
1285
3268
8485
4973
4706
3476
2243
8432
64
1212
4856
1267
4206
9764
9809
9203
7364
17
904
1939
8020
8609
4059
2250
2871
5749
304
3115
3884
204
686
3982
5987
1164
8493
8945
7780
2686
9090
4201
8940
2985
9712
3719
2265
4498
9087
58
7269
4712
2535
4024
5649
8998
2715
6010
4130
6690
7922
9269
1476
1492
7418
2756
3227
4465
7380
271
6180
446
1874
2393
1212
5881
9465
6134
9219
2003
3480
4660
4050
1932
27
6830
1936
9800
5422
4603
448
4163
4957
929
4465
3149
5464
9073
3323
5747
1468
3578
8059
7142
2724
6535
3873
9977
3325
5561
2222
8689
802
3195
4984
5271
427
3198
9765
3823
6595
4058
868
922
1384
5619
3495
4910
8905
8356
795
838
4072
1774
1172
3025
3103
8731
3348
3107
7490
3813
3721
1657
6318
626
7032
1690
3546
1469
8534
4030
5753
446
6563
8629
8133
4372
119
8353
5261
4615
9578
5126
5567
8644
240
5345
5412
3035
165
4136
3000
6155
1723
3499
2335
9469
8444
1487
5727
1874
7308
3141
560
4106
1520
1086
1687
6313
7826
4429
8745
3102
1563
9822
8226
5722
2157
7675
7797
1205
9571
8123
8704
6078
2385
154
3749
641
6112
5991
3135
6461
7246
4620
205
3982
8366
7102
8637
2716
199
5597
297
7741
3211
2146
1525
8308
8651
420
9764
4207
7945
8237
1839
4200
1797
8213
2573
4930
7421
2603
2261
5022
6201
3442
7623
29
8109
5500
6466
8933
6747
7479
7773
502
3835
1851
6746
6999
7348
1832
906
2243
5625
9162
8840
2909
570
3613
9243
6138
7850
9368
6414
8706
65
7159
9924
3241
1846
3461
185
9575
3798
8921
1249
8482
3754
8518
1890
597
9832
4262
4887
1239
374
5898
9116
6229
1547
842
3040
7966
2130
8461
97
3707
918
4536
7641
3867
3687
1375
1520
7735
8510
3681
347
1745
276
2699
6095
3303
4849
3997
7360
5273
8881
2178
7473
5331
8914
1457
3015
2140
6995
6303
7780
5985
1104
3993
127
6046
1134
2612
7051
5520
6839
2045
3428
2715
7473
8280
2659
5641
4178
516
9619
5588
1774
4271
961
1112
6998
4443
7524
392
3275
4704
485
5750
6611
9677
9890
459
9926
4276
8772
9030
2388
5100
9708
3489
4075
3475
8211
1457
673
6173
3144
6718
2053
2656
7015
4516
4104
8377
5088
5037
496
6159
5969
609
9849
427
3423
7534
5736
2106
6103
1373
8961
8189
398
7588
3877
4636
3087
4208
1809
353
4167
262
510
4085
443
3605
2448
1926
6208
6871
4702
5961
7719
2346
9123
9139
8010
3449
1368
713
1728
6101
9939
3882
2687
3183
1537
830
4802
242
6191
4413
3585
3844
7598
6193
9177
4400
2925
844
5804
7150
8465
7429
2405
7818
2410
4854
3849
6541
3774
724
5109
5376
9329
1506
5333
5598
7068
2173
2294
8554
6854
1870
2336
591
2810
7896
7969
2433
8622
2125
2888
5253
4746
7969
5294
8023
482
2863
3169
7805
1800
8603
7483
8797
4238
1302
2356
4237
2134
4521
8225
1332
6538
5077
9628
1662
9789
4220
8
6412
9794
8141
3493
4797
9400
4742
3360
3626
1495
9601
313
1724
9424
8959
2380
1489
6262
1139
9908
2123
5237
906
2064
5698
6649
2200
4055
4273
616
5505
6094
3840
9283
285
506
1516
6275
7448
5484
8168
5242
2926
4473
5961
618
9335
5981
1075
6873
6543
340
3549
4430
8861
8773
1178
4411
434
6342
905
3679
3066
6696
7826
5766
6132
8425
8058
7901
7209
6477
5793
901
8921
5768
9250
5994
994
2263
4570
5215
1814
6785
3827
1448
3381
788
8758
9689
358
2768
233
533
9636
3505
7933
8006
9042
4749
4361
6098
52
6754
516
568
1716
8463
2328
6949
717
2644
3020
7627
1170
4626
9332
3927
3843
6186
4287
1887
8901
7817
3013
1980
9882
4151
5667
173
5088
5643
8868
1073
1603
4996
9178
2298
4987
6030
9345
3520
3877
104
2451
3296
4834
1062
2209
5343
5591
183
8647
6488
8894
726
22
5723
5580
9291
711
7797
1444
5552
2152
6175
6737
9803
8880
9965
3164
1269
9878
4051
9936
9745
3736
5245
9609
9711
6897
9042
9080
7799
6499
3532
7291
9091
3151
4122
3991
210
5017
7663
6989
6023
240
5732
6136
3229
8413
3688
5666
3312
5626
5826
1109
2294
2393
1835
4061
5254
6539
8225
5364
2244
1998
8902
5572
8253
4370
848
1123
7123
2855
4281
7197
9736
9148
521
4186
4763
1097
2865
6272
22
2901
5721
2340
5365
2627
5623
4458
4265
9035
2542
1991
8168
7429
6838
99
1687
2449
5924
1849
5599
8758
5272
426
9995
6536
5546
3534
9718
8659
4921
5671
213
5477
3435
7248
9488
8589
8122
15
3423
8636
9822
2114
7146
84
3068
3533
6267
5137
249
7039
4308
9316
4306
5311
9792
3436
2915
2983
613
9505
6500
1107
7110
6231
462
520
1817
5989
2621
1104
5713
3950
6278
9012
2782
2632
159
4016
1289
8080
4193
848
7612
2790
5716
2596
8303
8858
3304
118
7115
9355
224
2355
8680
7943
7109
1778
1562
6883
8416
4252
2919
3510
5616
3884
221
8769
8336
7990
2293
9538
283
2019
6744
1897
3664
640
5588
2220
1182
2686
6074
1188
609
6722
3477
9598
6008
6183
3156
4081
8986
3526
5811
4416
2497
804
4958
1226
1940
525
2127
5935
9091
1756
4756
953
6957
1661
8082
4646
738
2517
7467
4119
3668
5327
6018
5712
6353
3961
797
3952
6767
3919
9330
8959
2515
5436
7522
3569
8046
5772
6301
6171
5791
5187
663
8793
1755
7997
2559
3184
3788
1151
2836
9126
8591
1353
7587
8154
3952
2739
1654
849
2730
7256
1988
8424
273
123
5064
4069
2067
8116
101
5650
2567
8409
7926
5846
5334
7793
9220
5921
6139
1468
2113
6000
9299
1923
1716
4129
9836
7525
4363
1905
7623
103
2293
8458
9454
6651
7740
1905
1661
532
6245
6742
883
331
8288
3133
3179
431
8621
2354
3559
1434
6819
3703
9035
8333
256
6767
1240
3300
7097
7008
5783
1563
7728
5558
8706
467
8326
347
5207
9633
8412
2591
8951
2025
9335
770
6803
7311
8410
3785
67
8829
5737
7260
360
4289
6107
2703
5325
2430
3830
5670
4092
6803
4570
861
2806
3454
7116
6943
3605
6773
1389
6696
5363
4727
1037
6064
8764
3458
7732
8176
6337
6279
6562
9748
1436
1439
296
775
69
912
4166
4019
6775
9596
5133
491
7999
9319
5378
5749
7928
1543
5404
2502
7245
1504
9322
7599
9806
3587
7832
4094
6721
4507
953
2528
2768
9014
9399
6331
7213
9711
881
2230
349
1553
6643
5134
8770
2217
3961
2688
2581
6468
2283
8810
7539
1516
6149
2618
9954
7552
4895
6025
8798
7617
3558
2522
405
5748
4443
9966
5870
7127
2992
9755
785
4653
2787
2513
1515
4336
4410
6448
5829
3097
7016
4628
3622
8540
8467
7699
108
2945
2136
9824
5377
6497
5616
9258
7440
2092
4251
2695
4866
3142
5770
8016
2764
8833
8367
2613
4258
9359
2296
5243
4735
2369
4916
2848
7383
7293
6268
3263
5674
3862
1193
4449
7990
4095
28
3381
839
2669
7778
3757
5280
6829
1207
7916
98
2387
6205
1721
9117
642
3063
9224
7577
9733
1141
1832
5471
6121
1123
1381
8899
9497
5176
9014
7464
9936
4563
7906
1618
6378
833
590
598
7613
4632
8613
8800
2586
2579
8218
3884
9084
2393
3624
461
5826
7591
8658
6613
1749
2732
9199
9394
9055
4197
1143
6407
1189
5089
1889
4594
4989
1133
2681
6804
5930
8317
6095
292
2671
7915
244
6188
7043
8492
5630
6062
2501
5299
9312
1568
143
7973
2283
7397
6597
459
1429
6184
8295
5329
1368
7716
7870
4507
3921
3397
5263
5177
2180
1055
322
1477
4446
2284
3457
9969
1943
967
9176
1865
7379
1751
3139
3565
1258
9472
1856
7472
1116
1913
6015
2425
5478
7741
8103
9480
6085
860
8020
1187
8996
366
9852
5295
8686
9792
2741
531
2824
4591
6050
2502
7814
9174
7240
1120
6835
9751
8810
4692
6532
7902
4187
3649
7453
4209
5295
7759
4002
9837
3216
9421
7383
2180
7718
1838
3453
4053
7600
7717
9037
7486
8208
7202
580
8492
3241
3890
3782
1691
5505
3441
1316
9652
8086
5637
8048
441
6782
9323
7815
7185
2631
7557
8267
659
5965
2491
969
1176
4499
1331
9104
8794
4836
317
8306
765
6941
4794
5581
3508
3496
32
5563
9635
6753
4890
8979
1716
5716
8972
3720
2564
9293
4643
80
7509
8801
2164
6819
1279
6112
8824
3719
8044
157
5252
5228
4564
5548
1676
5939
4935
2263
6510
394
5689
4704
6118
7929
4989
7623
1047
8879
6120
3933
9486
3907
6753
8623
5923
1939
2440
1038
1367
209
1763
9023
6049
9780
5740
2065
7711
7561
9105
9261
2894
3243
2581
2079
4301
5735
187
3381
3758
8594
8360
6500
1078
7825
7492
9773
4146
7849
1536
6677
9787
2700
1856
7055
4306
6618
5395
6624
5153
4528
5176
891
6935
2297
3973
5349
7739
7193
5764
2038
5705
5071
9019
5178
616
5848
7876
3541
2838
6190
7078
3093
3544
9925
3504
898
9115
1829
9177
2148
6697
8393
3446
822
6539
1440
7919
9665
4824
4511
2883
1611
8647
9016
919
2237
6741
295
3176
6626
6667
511
1559
5079
1375
4213
8512
1549
3868
173
7612
8734
425
9388
2549
1819
45
4493
4981
2640
8558
1201
5442
1004
3746
940
177
9096
2547
3228
8398
380
8693
7150
2491
7113
8683
9535
9396
3116
8157
8814
792
522
6060
5627
4058
4440
5651
1504
4148
1632
4335
1219
6595
2035
7179
2202
6312
2769
3025
7507
4023
6971
7892
8335
8993
9133
1406
1657
1629
5437
4404
1434
3571
9638
7871
8245
2884
7748
951
6005
5127
3758
7470
3818
6947
5606
2497
7265
1127
2980
8686
4790
5502
5921
352
6100
9275
9906
1725
8708
2911
886
879
7618
7707
5405
4608
3153
9460
7358
5261
351
518
1466
3870
4564
4538
3921
5636
7086
1316
7629
6543
470
1751
7884
2663
6072
3217
357
2752
5191
7853
5611
9663
8901
4214
9761
1253
8708
9605
9636
9031
5054
927
6465
836
8019
5617
8073
6266
4298
8698
8986
5131
4100
1880
5929
1065
2852
8148
519
1534
8255
7563
5085
134
8001
3130
880
4661
6901
1621
6732
731
5018
8039
6989
8033
2863
8784
5271
244
6024
7582
1314
2133
6484
7861
8704
3798
6107
4579
4088
265
391
6129
5410
6393
137
9936
1949
9338
4692
6827
9140
5726
8203
5949
7381
4955
7472
3818
6719
2568
9774
5190
2350
4107
345
9328
5661
537
3240
8948
9311
7487
200
8894
5068
913
1751
8605
7988
9523
9946
7977
4751
6627
9008
9173
331
6169
9246
8018
4844
2791
817
8885
7893
776
9220
1266
2163
2985
519
1725
6369
4564
848
4715
7802
3063
1734
2896
3652
1160
5535
9755
255
9308
8234
436
8735
1760
7830
8044
7977
9912
1380
2460
5731
3389
8077
1922
317
1282
426
3641
635
529
8771
5697
9768
1141
2145
5514
6573
201
4680
3670
9426
6487
540
2831
5045
5068
8060
5634
3355
9653
6945
542
4780
1211
1560
1216
3210
7563
3304
7907
2423
5960
3879
7449
9221
7845
7089
7522
1634
461
2249
7773
3916
1728
6078
211
7947
5117
4851
696
3599
5789
7663
4849
5116
6879
7820
133
8575
9121
2437
5576
39
8642
2209
1547
2561
1565
6798
3072
110
2711
9039
3030
5831
5210
8426
8033
3116
8266
3136
171
3059
4045
6447
3636
9668
1533
7948
8038
2666
2455
7181
1725
8393
3722
555
5243
3956
3399
3654
6790
5784
6829
1716
5493
6215
4411
4245
5428
7059
7300
4829
732
3305
8893
5971
9056
8042
7734
6388
3056
1767
3193
2535
2877
4102
2683
4761
9654
1127
7961
963
6597
7414
1867
4131
8168
779
5699
2430
6526
3696
1979
4134
7262
4461
6406
5650
7661
8253
9407
2462
7215
8112
4788
6196
6802
8672
6906
941
8206
5097
2065
4473
9261
4566
3396
521
9618
238
9576
4713
4850
7150
3582
9104
862
2310
701
7366
7774
5966
8715
397
7966
1656
3454
1242
5082
466
567
5258
5533
8401
5200
4874
5882
455
8707
4072
7891
4869
7542
4430
6104
7608
5771
8210
5961
5247
1654
5216
1707
2459
3919
352
3258
5788
7493
1601
6708
8270
2903
8262
744
9993
4950
1026
1784
6830
9691
5295
6670
1408
8248
780
7470
7505
257
892
4384
5787
8584
7302
9376
4616
9975
4446
4685
1089
1604
4712
7911
5369
355
7765
3326
5792
8034
9378
388
4651
9223
3205
5183
202
373
10000
3569
2275
2344
2941
8124
4403
5974
4421
9397
937
248
7192
1749
6562
8574
5843
230
3256
9737
4661
3770
9658
406
4017
8006
3415
9926
6111
3029
4894
8586
6172
3126
1610
3007
7128
8033
6287
4862
8937
3698
8173
3415
9414
6814
3153
4391
5986
5331
2845
603
2544
6985
5899
8727
3942
5420
2749
9061
9361
8017
7443
2358
6449
7699
7585
4986
5147
1164
8557
8322
3823
8463
1373
1461
7625
5002
3441
4973
4583
4413
7715
5542
2166
5647
74
5990
8904
7848
4047
8462
8939
3480
9039
4772
8585
8051
1939
8385
8157
8150
9043
3781
146
8741
7514
2476
7343
3596
9208
9513
6857
2006
7811
6279
3928
8447
6029
3761
9406
2929
3557
9576
6926
5498
174
5558
455
4989
1715
9260
7469
9952
5543
7250
4316
2393
352
9088
8918
9401
2780
7895
768
8273
323
605
5943
9730
5098
191
4407
9232
2683
974
1523
1101
7966
3788
8500
3097
3906
8083
4995
7648
4666
7007
7008
9397
9274
1667
2533
8948
9141
5415
4600
8383
4462
6949
3143
2504
5739
2541
5642
713
868
13
3060
7002
3912
2270
1429
4287
9018
6463
7861
9617
5999
1339
7350
8061
936
3354
4750
6766
4159
2386
8330
1629
318
3443
3429
9821
8807
7468
9439
213
9820
4253
1349
1005
2030
8750
5545
8369
9767
2370
4344
3175
5158
1923
5213
5349
2787
3374
811
9984
6592
6259
4156
1636
7447
1923
7554
2053
1614
1308
2375
8824
7344
5974
2936
4665
7104
9539
8727
2652
1429
5949
5917
7026
4288
9386
5989
8993
2843
4927
7009
7987
81
2533
8866
9163
2407
8683
7846
8497
3532
4342
5141
5075
9211
4471
8847
7455
1690
562
4999
9424
2031
7503
1855
3419
1952
5930
1204
181
5161
4325
4593
7634
4838
799
4056
134
3603
4856
1202
5974
8954
2880
8066
8839
1901
795
9583
4264
2326
7244
3299
380
4759
4455
553
385
4696
2459
7154
3047
6520
6544
6512
3765
4763
2144
9044
8875
7379
5299
189
3860
8272
2492
1694
7968
1011
4341
2069
6698
3001
5749
7509
6616
5
9322
9668
2545
3114
875
332
2940
2170
2393
2861
8573
3986
143
4659
2019
6814
7463
7102
689
3221
5488
6128
976
3906
1232
1598
548
3903
6640
2832
4761
901
3697
2855
5175
5463
8992
8443
4728
6203
2602
8264
8769
4194
7259
1354
526
7660
2512
3768
7803
8463
9588
1679
3861
4417
6137
513
4587
4531
1910
123
8481
7274
983
4152
6999
4954
9658
6185
112
7017
1627
7515
1828
7158
8231
6070
1195
6202
5350
1051
9751
1099
9548
5141
7045
591
8361
9195
165
6510
3082
8897
4932
6423
3303
4620
3093
5631
1712
4713
5492
225
2349
91
8867
480
4618
3737
6747
4976
8647
9682
1694
1633
9755
90
3334
7112
1281
9623
7692
87
5843
2560
2537
2182
3084
3446
9408
968
5055
8273
3820
9819
5115
9171
7198
2996
9872
5705
8302
8412
718
3508
913
8948
284
9261
4262
362
2448
2945
569
3278
1430
2286
105
5543
6448
2016
3917
6612
8573
2596
6972
4617
6583
6360
518
191
3109
8052
7361
9421
6256
1201
3820
3011
6559
440
4655
3741
8582
5612
3398
9881
5637
7203
5848
5396
564
5675
4430
115
1620
7692
5708
532
4795
3468
6469
9460
8498
403
8745
1060
3350
2812
862
3831
6769
5867
4665
5741
4971
2210
8428
141
4795
9162
2430
1271
5691
9473
7957
693
2563
8129
9762
4363
2804
3260
5029
2937
7643
5680
8878
4486
1205
3048
7868
5678
9397
7572
1134
3099
5214
8870
2457
1337
9690
7672
8921
8041
6540
4653
7764
2588
5062
6200
781
7494
5766
9625
1112
2428
3186
5263
937
7094
1598
9453
4246
9058
7712
2692
9607
7909
246
1751
6817
4237
2968
6518
3507
5051
8082
817
7871
5996
8787
5651
2035
7931
8802
5529
8246
7930
447
7199
7291
4459
8114
9962
2828
1955
907
4763
5392
3924
2337
681
6579
6409
511
4271
9199
1566
9750
5692
9584
8858
551
1962
3572
5682
7504
8477
9730
3272
7175
2226
8619
5656
8745
4157
556
6142
3729
9729
964
5913
3192
4442
3272
6950
567
7096
8346
4131
9215
6598
9197
6160
8646
421
4463
8389
1889
4801
3278
2099
4305
8279
2832
3248
1259
8758
8745
3753
3064
155
1557
5264
1030
4322
9425
9266
1075
1908
6952
5967
3391
780
2382
981
6578
3834
5291
7675
3547
7696
9495
3826
7263
5625
7202
7996
7307
5459
1433
7308
515
7837
7263
1530
142
5832
5116
4044
6656
7521
9500
3352
1882
8299
2367
4850
1879
5878
8841
1519
5719
9940
5315
7167
342
7756
3744
9552
603
8757
1750
1164
6849
2173
3896
899
4542
7479
6761
2242
5969
4231
5423
1680
9207
5139
945
1551
413
3105
3621
9321
719
6976
5559
6523
6190
3970
954
9850
7836
5387
5737
8343
4236
1729
8020
237
8416
7264
9609
4193
5305
4396
9276
5596
7762
3631
2208
9991
5937
4947
9345
8087
9574
9753
2837
1037
3961
3312
3132
5501
353
5915
2364
8531
9701
5146
5063
1768
5486
2182
3815
3042
3737
7366
2845
8448
7372
5432
7951
4010
6093
7862
5979
1535
4176
8552
1842
9127
344
9066
9903
1240
2177
638
8245
6472
5592
3412
3113
5601
8480
7314
482
921
3929
3927
6010
5158
6614
9840
7380
2332
8454
7960
941
7047
1595
5726
5706
1344
9167
8107
3327
4303
5048
7236
2796
9863
1353
7461
9599
6343
4541
9462
6592
1287
3040
4282
239
6946
1148
3356
4235
3323
8644
8540
6839
4308
1802
1604
3167
4820
6092
7127
276
1772
6103
7278
9663
9543
6191
975
2854
9324
535
1199
5463
1922
6151
534
7646
4067
3974
6186
7459
6597
9708
5045
5276
9291
7632
9764
2083
4471
841
1626
2669
7435
4584
8817
1509
5655
7490
8595
9696
6470
8122
2745
986
886
2893
9228
112
4249
821
6208
5774
7547
9700
1802
5389
5219
876
4487
6970
8253
273
3039
904
9235
7437
5049
2216
9453
9743
4215
701
9651
1303
2468
9723
2057
6363
6680
3461
7259
4733
1691
3145
7431
6120
467
8693
265
7211
5143
2333
4061
9465
4942
3168
9993
3349
7983
6362
7148
937
2750
4738
9170
4039
95
9573
8292
8526
3164
9414
3365
7055
7444
608
4963
7044
5388
7889
2204
4199
6034
223
871
672
5963
8987
9094
3279
5850
9386
1542
786
8100
6668
9345
2632
9008
7545
6735
1686
3749
8324
2429
1175
1388
4598
3821
2374
9628
5875
77
6555
7513
6914
5247
5172
4531
57
5827
19
8597
2246
7802
1668
0
9581
4339
5922
8795
7852
7689
1354
3369
6492
2679
8154
3298
56
3770
4886
9335
4124
6680
1611
5444
776
9517
388
4374
2442
3527
698
9210
6707
5215
8830
3127
2111
6478
6486
5857
5346
3126
7812
3986
7819
9868
5462
2921
4584
3433
6818
2407
8311
7771
3440
9413
2037
7801
1652
7102
1152
1619
4486
9867
8039
6939
621
9238
1060
1875
3613
968
7108
6249
9631
2790
819
2480
3029
906
6175
6397
7883
8460
849
4026
2500
1637
4331
9731
7892
6417
6799
3184
9346
3261
668
9905
1894
8385
5866
4314
5465
1063
2692
1201
3471
1971
4694
7871
7970
496
8842
5492
1630
2699
2778
1899
1920
7072
782
6440
1346
5705
4731
8578
4401
5170
4752
8744
7343
6081
5173
5638
3969
8724
1893
266
1032
9454
4431
1731
8214
2324
7338
3869
9743
9400
5914
5382
9825
1098
6435
3423
5729
8710
6587
489
7724
7292
4580
1122
4291
6857
8400
1253
8857
4667
4985
310
7816
7320
8975
3331
3611
6528
8712
669
8280
3898
1760
7949
8646
9582
1063
3643
2895
6941
8854
9605
988
2060
2117
3860
6970
5538
4713
4187
3197
5778
4786
7152
1681
6948
9910
8137
8532
2717
1690
9853
2243
8444
3401
4452
4408
1037
7622
7259
8796
7323
9438
89
9140
8244
135
7335
92
7625
9211
4216
1783
2223
1246
5769
2304
2342
6692
4398
2
341
8807
6621
6191
8282
9377
2850
2476
1797
5310
431
407
343
363
4815
9488
8702
5081
3346
6845
5346
8468
8587
3168
1573
5974
5627
8727
3188
6735
5616
7148
3430
9722
1945
9158
6895
9692
7430
9006
1846
7773
3767
8809
2852
6996
2226
9337
4045
6479
5793
6325
8629
4791
4968
8759
4283
5800
5506
146
1563
1925
190
6563
9208
6149
6525
5564
4933
8028
5731
1924
4539
1621
2357
1874
5539
4999
5273
3995
3674
1232
9301
3357
4735
9851
6116
49
2801
1624
730
7410
7524
5483
6829
5958
2788
5235
3765
1798
659
7668
3784
6340
1150
815
7274
466
3207
1270
4280
2149
8108
2548
6998
998
5098
7659
4887
1325
5188
7985
6014
4179
7815
3360
1411
6566
212
6456
5214
1154
1578
3454
3327
7714
954
3160
5829
1635
2172
2759
3159
4705
6912
1589
466
3064
4554
8823
9362
9882
8889
431
1563
7019
9589
2965
2485
6493
3700
2903
4772
1977
6152
6202
9312
2526
1423
8908
7389
2619
204
498
7060
42
1390
3809
4874
5564
7262
9660
1202
7301
54
1126
5287
52
9245
268
3617
5392
533
6546
3815
4882
5598
9489
4150
6150
6540
2018
6724
2049
6770
4122
1273
666
1961
664
2806
5383
645
6227
5592
4557
1899
5337
875
8146
720
2601
8532
1060
271
5333
291
4461
7293
6975
402
645
4391
2588
5804
366
9630
1466
6253
8898
1820
6575
134
4593
8384
2416
2637
3821
602
8303
2261
4465
8780
8960
8636
5459
1648
3256
2853
6045
5128
9705
6123
3886
5880
7217
260
327
4433
4571
2892
478
1493
5548
375
958
5483
8129
4075
5376
559
8945
2756
1696
8068
6417
4996
3397
7052
5480
2192
9457
5006
2404
9850
6943
3785
4207
8474
5981
4136
2108
8034
1068
1333
3490
9367
7617
3845
372
9381
3074
2312
4126
10
5447
9586
6359
6888
3
8125
5833
6118
2407
7665
3306
8339
5508
3420
1666
8127
1956
2802
7074
6427
5754
516
1662
7604
4537
1798
7723
534
1880
2429
1501
3775
667
6570
3998
3290
7500
7793
9140
5241
1526
2384
8650
4949
4387
643
7715
602
2948
3776
1078
799
7671
1765
2846
7951
8710
892
9709
1677
457
9978
4496
8295
5490
9233
1568
4984
7960
7062
7736
5439
5799
815
4691
385
1642
2293
4604
453
8474
5942
8524
2517
3338
5736
9278
5086
6168
4863
7330
3197
2191
5035
3115
2260
2019
9077
2667
7098
4025
8550
9006
2501
8820
4005
651
9757
5939
474
5083
7182
2472
9504
389
809
1420
6587
8410
9364
1067
5379
7508
5255
528
7241
5316
9700
727
345
2111
3702
3779
3702
301
7251
5307
7169
4600
6738
1032
4343
9941
9454
6023
8485
6318
2154
883
3994
5944
5071
6168
1298
8168
4128
7688
9262
6759
2870
9537
6987
2469
8449
4504
3913
7746
7568
7715
6061
871
6242
1208
8916
4283
326
4955
6823
9567
1528
8221
1932
8898
4812
1210
6620
6980
1487
2648
9551
1063
7876
1134
6118
7285
479
3617
3901
5966
6356
9875
6522
7812
4630
314
7058
9877
5195
5211
6854
8980
359
6421
8023
1577
3440
2202
3917
2396
9847
5948
5450
1429
2250
5230
2795
8143
5033
5702
843
5921
3312
9864
2672
1359
2242
7173
840
6706
7631
4858
2642
7991
1847
9246
6849
8228
9852
1049
2729
2642
3176
7563
1684
3913
3950
7631
2253
2269
9334
7291
5339
7326
2920
4370
1016
1371
1961
8295
7513
6583
6749
5863
5329
6734
6884
6054
9552
1731
4172
2678
4058
3883
6393
4289
448
4060
4448
1920
9465
5405
1325
125
6308
2272
178
6659
9327
6924
8850
5051
1195
2671
1687
3802
525
8293
5484
4620
2137
8399
5262
4790
3289
9536
5884
2714
6837
2319
8630
6838
4006
9791
3657
420
4896
2136
7813
7271
4954
9556
7931
6486
8847
6949
6368
9003
2514
7058
2155
1397
1776
7632
8119
2524
9886
1513
6418
2121
4956
4733
3101
6434
154
3511
9082
7143
2150
8883
4945
4159
1780
8177
5524
4164
2687
6184
2987
9366
8110
6365
6944
2457
5512
150
4766
441
3697
1662
1140
7292
1073
7699
3161
7090
6562
6188
4712
2232
7654
3660
2565
9208
6096
3299
4532
2122
3614
2780
8964
9026
5611
6813
2757
5087
68
1998
7332
899
8391
4485
4668
10
2626
4494
9115
100
2947
7394
3049
7340
5289
5184
8771
4438
6624
6590
7589
3333
124
6336
9580
7137
7685
4898
3718
452
5867
2291
8222
3158
3586
9776
3582
445
7399
4458
8815
1449
9952
5971
9875
7499
8544
9396
7596
1655
790
4219
5005
2076
9221
1497
3371
9377
3727
9510
232
4540
3381
309
9311
2691
3409
5556
4906
4365
4303
2043
3538
5970
8160
3016
8816
5818
9319
9347
1505
3934
6196
8398
4225
3072
6966
1858
7938
2173
262
6053
9630
78
9879
3856
4863
5409
5721
5148
7226
952
6074
7564
9600
900
9171
4914
9876
9393
488
2308
1408
9065
5623
1150
9304
6268
2361
3850
5948
1022
1907
2084
7373
2669
5869
8187
494
6677
1469
6584
9759
4508
1585
2659
3969
5916
8301
9653
600
7494
2068
9804
9573
758
5294
8519
4122
6417
7470
2150
7845
6681
5794
4292
7537
3516
8224
3054
1073
9412
9486
2001
4701
2214
6227
9758
2821
8588
2791
3542
195
9671
8950
8931
1351
5250
3905
7569
239
9105
5578
1468
7988
9756
9412
8906
6516
7492
9530
9632
6523
460
7732
4413
3027
8866
7240
6348
3726
7931
2544
4552
3075
8862
9729
6211
7310
8821
8276
3538
6813
2675
8205
379
7072
1207
2976
238
6763
8107
8301
8911
5867
4632
1946
2687
167
5861
6853
2202
846
2689
3298
1491
3286
4437
9644
7863
8622
6882
9414
8471
1686
1564
8572
3910
9031
6299
4701
2375
8844
7390
6467
7352
4685
7577
7699
7419
8982
7800
2081
7260
4249
6430
529
3953
7032
3775
8500
6260
1615
2517
9042
2631
8484
126
1664
4949
5969
6282
5022
2648
2244
8137
254
9737
8004
8304
5533
6880
3487
1155
2418
7067
7421
2186
9595
9665
102
1786
9504
9304
7203
510
8405
9602
2430
3221
7348
9855
8368
7369
7610
8655
6875
7565
6101
4868
9594
5512
4197
6918
9632
1135
3098
5755
5411
2158
4540
7130
5252
4288
3235
4174
3674
486
5017
2799
719
4207
3882
2498
9335
390
6639
7827
4097
7913
8120
3401
2602
2187
7424
1084
606
9470
9661
7809
4991
2691
573
5086
7215
1759
8759
5158
5012
874
2703
6208
1247
7950
5075
2203
5101
7382
3987
8474
4696
1781
368
4852
2137
8278
2315
2407
230
356
8101
4393
1236
8786
4503
6866
3073
7472
8697
9622
5639
2000
9747
2564
4801
2722
9788
9575
9019
9288
3967
8031
1213
6038
5447
8815
6905
93
5279
7184
6505
2500
9507
7029
311
453
5244
9585
2249
6595
326
2326
4154
2924
6447
9460
3107
9452
4806
2536
4394
2760
2592
7074
8651
1539
3382
4220
5791
2958
4690
2522
3786
3941
7574
284
9219
3685
863
3446
4208
2293
1968
666
4646
8531
4192
2352
8525
3228
8558
3170
3267
2998
2496
2843
8425
410
2710
7287
9414
2694
3290
1166
5759
94
7003
5064
9605
5520
7169
6001
234
1619
7892
2723
1641
2838
585
6089
8470
7725
2428
6935
7346
4279
675
364
2350
8532
5103
197
4082
9054
336
3174
321
8443
6002
9491
9349
8311
7021
5858
7514
1300
2627
5852
8989
8305
4773
3044
4981
101
4380
977
5601
8320
667
4562
2985
8696
1133
4041
4579
3286
1320
6583
7052
4161
5834
9714
8502
4840
5014
1812
303
6297
3515
4814
269
6400
5998
3370
7276
2326
6202
3335
379
6473
9086
3127
6216
2820
3938
1143
7742
5176
4668
8570
5574
9947
4516
4217
9714
1720
3259
9131
8891
2549
2896
7903
2707
9975
2084
4599
7513
7589
9421
8955
9679
6911
4673
5740
8152
7692
3970
7465
6172
3039
7251
9165
8863
8326
8177
6781
7878
151
5904
19
9922
4132
5798
1660
5248
3124
1874
8400
5270
9332
6259
669
356
3511
132
9590
8140
762
1
9512
5505
7571
2965
8588
1649
9206
121
7053
2914
5050
4450
5407
4561
1910
1218
6246
1939
2668
811
1479
3057
6955
5836
3004
6970
7376
1558
6427
665
7343
1169
2450
9596
8577
7593
8461
7425
4406
7910
4223
4571
3197
7365
9652
5300
614
5789
5685
1433
7942
8993
1264
3906
8363
9975
9233
9588
1555
6600
572
1901
2218
2950
9717
4060
9739
1528
9178
199
5495
1425
9930
2810
3233
1496
1821
7318
9213
3380
4849
8753
5763
447
2132
93
1408
3019
6308
1972
8354
4065
7098
1688
3740
3521
986
2245
4833
2332
1804
1109
641
1211
1539
2410
9152
3392
4281
1518
4758
5043
1597
6840
809
1079
6709
9387
8073
3024
4265
7146
4644
9955
738
2284
139
7436
8092
2887
7563
3032
7872
3967
9914
2584
698
533
3991
8889
6099
6035
4056
9104
3115
7005
7989
1908
895
7553
7260
3816
1058
1281
6020
105
8302
2158
4941
2417
2184
1238
5171
8880
5013
236
7683
3881
7435
9301
8161
5426
2796
4809
3970
7731
1607
9163
9659
5811
8214
2794
7235
4983
7385
6781
5480
393
590
7737
7798
9233
3347
4232
4125
6191
5162
5931
6540
5534
9026
7053
1821
7045
8652
609
2265
9257
6610
6138
1921
6562
9817
5680
929
989
793
9710
6649
8998
172
4807
132
536
8777
6452
222
2268
266
9598
6571
1722
9682
6114
2152
8721
2652
6403
9128
6138
1282
7268
6534
6008
1952
986
4866
8134
5843
1066
4431
3883
4188
3991
5776
1086
4845
2318
8113
6933
2025
2230
4798
7755
9
7473
1951
2399
5822
541
4064
6390
6453
4685
8724
9129
5706
9016
6097
1792
9680
6730
8227
3544
2854
852
801
1083
8369
2453
1827
4571
5333
4785
4114
3880
2743
6441
9033
1444
427
7744
8913
7782
8535
7609
8548
8750
8144
2188
2266
819
4436
5887
6556
8114
1489
9897
9519
7756
2021
2823
2692
3514
6657
9232
6798
3780
2620
6802
5950
5783
7917
671
3988
488
8694
4685
1324
9390
7462
3399
601
2412
1372
7765
9486
2826
6442
5190
6456
5864
1043
8948
2585
1642
8989
495
6248
3164
7476
5612
9824
8572
6557
208
4219
3126
1606
615
8832
8970
396
1282
1937
5292
1966
8066
2894
233
3682
5985
3198
4314
4252
9270
1243
5185
5118
5509
3155
1183
1561
2375
2444
3359
1952
259
510
529
6809
8876
5829
9962
8714
3179
2671
1584
7238
915
5550
4674
3610
8757
8389
7086
6226
2493
1843
7459
8111
1121
1207
5125
7453
3194
6909
1242
2242
3111
7118
5040
2234
5454
2409
7784
8999
8518
6670
7297
7946
2686
248
1409
2826
1461
4524
6114
7619
2810
1042
4215
9814
9868
9442
7152
8378
5214
5847
7202
5816
9257
9478
4369
2453
8110
7929
8851
2827
9272
2241
71
3439
6680
2389
6973
898
6391
7710
2927
4812
7981
7407
9557
219
3978
6173
1559
36
3982
578
8081
8842
7336
776
8094
3946
404
2067
3644
4423
2956
8059
4180
4668
6252
1444
9739
6398
7393
405
1081
3248
4842
9829
6829
2552
8416
4313
1933
9357
665
259
1996
8599
3798
1751
8686
8724
3375
963
4335
2626
3931
1307
5047
8231
6594
3900
4170
3342
4752
3772
3262
209
3840
3213
4427
4029
7231
7515
6097
6943
2852
1947
2913
4663
3742
6683
909
3779
176
8969
3629
5350
1801
7467
4710
673
7510
5172
697
8378
9610
8356
3237
9518
8211
8128
8083
1808
6552
2930
8273
5069
9276
1041
4674
8149
1359
4734
2617
905
390
540
1027
5500
8708
66
1606
656
4981
6671
1399
1700
539
4361
5484
8295
7887
8089
2494
6804
4542
971
7608
4232
731
5075
8498
7330
7754
1380
9979
8013
1780
9007
5064
5725
1432
4266
7585
6929
1750
4497
7806
322
8797
8640
5696
8927
2932
4609
7404
9266
9367
8827
3760
4821
7640
7992
4309
8339
7636
17
9233
7230
8963
85
1177
9794
742
8430
5844
7523
1692
312
7267
9300
8061
9152
151
6324
4232
2802
3689
6155
390
9633
8491
4731
4253
1110
2233
4851
5719
6135
8923
5996
933
5845
7084
3556
5409
6484
7557
3794
2753
6240
1904
7968
5393
177
5259
6630
5725
6175
2751
7596
7712
2318
535
3361
3218
376
8449
5342
2974
6228
5619
5293
7369
1945
6678
4171
590
9471
8276
9236
6770
4158
2056
9093
2150
6937
4934
3685
9943
5373
1017
5607
2748
2339
4553
4799
5111
8700
8936
7427
3349
5920
6217
1720
544
8030
5811
6196
2732
9617
4269
4515
4235
5708
1509
4816
1981
3619
6693
4365
2045
3076
8363
3332
4468
6196
413
2355
944
6172
4595
720
4559
5037
7947
3975
2062
1197
6106
8607
1873
2174
145
1053
5474
1826
93
6624
8888
1287
8772
1988
7730
3480
1803
3502
5286
528
9747
899
5024
3235
7497
9425
5802
1214
5363
3749
7732
8692
1313
6490
8508
2718
1687
8911
5299
423
6239
7302
2458
2813
6557
6432
4066
5637
8124
6735
2958
7127
3450
3276
1143
1987
4265
7758
5117
3623
6152
85
6718
4713
4696
8086
5081
9589
1010
517
6839
6673
8028
2688
3965
5481
3731
4269
1686
2122
74
4465
6599
7918
6730
4967
6289
5853
3288
5306
8620
7770
1732
2062
3173
856
1171
7577
4832
9331
4354
5285
858
9921
8516
3369
8100
328
6142
675
9682
6001
2860
7659
1463
7739
3804
7916
9076
6808
5225
3640
3699
4862
886
3562
6401
5791
7912
7369
256
424
1001
3341
5921
1725
3701
6486
3502
6475
5877
8723
3566
5158
3125
8975
3697
4134
6691
2613
4239
3820
1490
2156
7725
9670
4578
8278
5358
3442
6789
9070
6917
3382
4568
7194
4381
7155
5983
4465
8815
1504
7145
7698
8
6050
3911
3605
9347
3621
4389
6198
40
2554
2711
3419
4690
366
4111
6547
5273
2977
2060
6197
8139
311
9002
8790
6374
8083
4419
8457
5959
4745
4970
1122
3734
2550
6741
2608
1910
9368
7795
4987
4862
2882
2971
6195
8502
4110
4546
4465
2606
6155
1130
4362
4752
8992
4206
264
3681
206
6730
7069
1591
6843
9214
4136
8888
3984
695
7970
3467
4675
741
1972
5865
5400
6398
8193
2062
1547
1212
2058
1033
5257
9106
4210
7574
1388
2848
5047
3367
7684
8559
8426
1254
8427
6334
3742
3035
7300
1177
3336
503
3243
3922
6422
61
5567
7968
4251
762
4837
9503
5267
9449
748
8728
260
6769
4393
6273
6185
5144
96
2245
9640
5925
6877
4099
8941
2315
6829
4599
7918
8613
2514
3773
1359
680
5985
5237
1065
9734
4210
8916
940
8124
4921
1959
1617
3718
8001
5940
3173
5848
7292
2495
326
6823
3752
6934
9485
8617
3721
658
2550
6703
4330
841
5899
1567
9324
6329
4820
611
3235
7801
1833
9474
1804
7122
6802
9833
6486
9813
6628
1160
8803
3928
1065
2448
4390
5314
8873
5145
3624
7517
3390
1911
3721
8119
6220
6169
925
7057
7269
1045
6862
8128
2203
6446
6104
5521
8687
2613
2108
5071
8699
418
8491
2190
9679
8413
4893
1266
7366
2182
9611
9639
3325
7143
6156
4249
8296
3596
6000
7441
5506
9466
7793
6435
8023
7719
1904
5308
279
5250
4797
8126
312
2428
6675
566
9968
9877
6726
8633
9862
5913
1144
845
6744
8624
3372
2082
450
727
5235
5181
6491
3852
2627
3577
2642
3236
1928
6006
5693
569
6375
9410
9185
1256
524
708
5600
5765
8566
5733
5613
1467
608
1017
2656
7373
5408
333
5700
2328
8285
3557
3278
3208
9014
9554
5492
1330
4800
5425
9891
1235
8319
8364
5236
9772
9597
9330
1399
5065
4939
901
9912
7350
2629
4914
6876
2736
1213
6311
672
5365
8641
8275
4677
1983
7368
5557
2471
4807
4748
9237
5960
9452
9540
3037
1893
5612
4525
5226
3710
7472
4185
9714
504
1299
4358
7707
9682
5723
235
7671
1649
6325
9439
6694
5314
2165
8928
8311
7607
6350
1790
6387
1065
2417
4430
2511
2554
1728
6433
9657
2520
5996
3928
9988
9935
7667
7879
3441
2372
9297
5235
7984
6152
2895
2246
4783
5785
8996
4814
9796
7328
2447
926
8122
1149
4443
5983
5652
5299
4270
2894
2033
968
2089
609
3545
8710
3808
2223
8409
7740
1470
7955
4039
6092
851
4758
132
46
6232
8697
3721
5670
9200
551
2312
8289
2707
341
9107
2675
2324
807
621
9179
6339
2266
1869
5812
4012
566
1377
352
9926
906
3994
8125
1669
9029
6497
3547
2921
1419
1988
6980
5082
7966
4008
5114
7001
1259
5758
3677
5692
4647
5217
3624
9154
854
4391
8652
7709
7809
7423
1924
1058
5379
2179
2920
9837
3615
5871
2613
9570
5678
2007
2872
436
1588
4272
5645
9490
5850
8107
732
2860
6879
3530
1396
1069
2775
8667
4179
909
4772
6890
2641
7997
5346
7097
4513
3744
4201
7938
9412
1416
5862
6144
7690
7415
3840
8050
4817
990
8388
6299
1424
7322
5988
415
1670
2782
8002
3343
4048
4933
5333
68
5574
7410
6907
8527
3467
7035
252
3155
8458
5259
703
5189
1041
9715
5824
3838
806
8101
7370
2743
8888
7095
111
2332
719
2658
3354
8852
1856
5736
8599
6606
3519
7408
9305
8391
4947
2194
6349
6406
2404
8414
7383
4036
1693
4918
6454
2079
8408
6225
4441
8708
2899
764
8368
4781
9909
1965
9628
3477
6849
3535
5844
1192
9945
6049
7156
6470
1424
5214
1770
589
4512
4684
9780
4725
8102
7079
4788
9362
4463
5826
3106
3510
433
4502
3883
920
7564
8002
3783
3198
1046
5357
5904
3706
4574
784
1589
2882
6084
8195
5589
7756
8454
752
2547
4571
7437
2213
3877
3718
9459
8582
7754
9334
8012
460
9708
7397
3310
9677
1803
3020
4232
7423
4866
7533
4686
853
1591
9350
4951
9502
8917
6373
9312
7003
7325
505
2085
507
1581
5705
9454
6503
6021
2403
4982
602
5093
4326
1009
6070
6647
8629
5241
124
6772
2609
4949
5590
4462
3504
8598
2018
1329
7130
1238
4047
4395
6905
4301
3818
2354
1522
5409
5804
6466
2512
2293
9487
1427
2785
839
3000
26
2284
7108
5282
3064
345
4945
3878
4197
5569
6571
4585
8249
3762
6870
8274
4772
1624
2860
9915
4505
5187
7809
4678
4338
8324
5891
9000
6974
1244
5026
6001
256
2803
9443
1548
1957
4840
9633
7483
2249
7513
6004
7341
204
7099
5289
9629
7757
2295
6147
7323
6437
5640
6002
3525
6554
6742
9026
9952
4861
6785
8607
4170
9005
370
9293
9020
2141
4113
8808
2068
85
4368
8420
436
6504
9310
5929
2456
6410
4666
4413
2172
4589
4773
5547
6307
5431
5517
1366
3532
6206
6741
408
7045
7377
3948
6768
6715
4773
7278
869
1318
6973
1593
7460
3769
81
1669
2427
8414
2368
5955
7455
282
2325
828
1887
1435
4568
4974
6474
421
5042
9149
4394
1177
2868
2015
232
3165
6215
8018
246
9244
591
5210
5291
3538
6449
3817
2816
9415
9188
7075
4104
190
8716
7313
7079
3897
8974
9742
3620
239
5683
5182
9318
976
2923
1519
1710
2023
263
9007
6372
9587
9870
8960
1518
8178
9930
8086
8453
1422
3555
7286
2345
4511
4301
9802
8429
3431
7078
4870
6402
2651
5964
3961
219
5353
207
6082
2463
5279
1607
9760
6812
3928
8387
7079
5074
7347
3259
3269
5323
9074
3787
464
5388
2434
8234
8247
4611
401
6871
9392
9977
1978
1134
7201
4268
4146
7751
1716
939
9451
2018
2196
1418
8276
4722
5343
9213
8346
5650
8894
2766
562
6266
3555
8672
860
7002
5038
2707
952
2537
6571
9443
6098
920
7525
467
6848
6639
6101
9403
8571
3439
8794
1809
5085
4144
5656
673
975
7886
2473
2081
9131
9751
8459
4500
9814
1166
9354
2897
2184
4575
9755
2546
6195
4777
3055
9795
561
4943
1853
5519
6436
6576
6466
7467
1953
6401
3248
3425
7241
5239
627
5267
5002
292
1178
2886
9538
3685
1635
4023
3426
6812
5795
6314
7707
2102
4288
1425
7788
3419
8398
5972
5939
2711
1257
7591
8714
3260
6944
4353
7639
853
1310
5029
4152
1734
9755
1351
5793
3308
8022
8681
1667
5246
420
6657
3497
2297
8995
2848
4623
2560
3735
8394
1302
7989
8791
7784
9550
2884
9185
8173
9286
9537
2610
6888
8590
9338
6228
976
4029
4231
2907
8584
7968
2172
1430
2338
1960
9314
5289
6861
6159
6345
3921
4081
6467
8794
4214
6286
4161
3539
9863
7683
74
14
3866
8253
9212
7521
7827
1770
3077
7618
3837
1933
6873
2370
3291
3409
5315
7719
5612
1194
6303
9668
1005
682
778
5883
4390
8699
7923
8714
9163
3392
5427
354
1132
5161
592
2171
9336
2370
4083
9418
5258
3128
5018
3555
9318
8880
3364
8014
973
9829
975
5791
842
9092
2542
2670
4986
5431
260
8848
7213
1509
3961
6074
2103
1619
9723
9256
2197
5821
3640
815
5855
4062
500
5660
335
6705
519
1109
5019
1770
5169
2597
6484
8735
1302
4816
6030
5010
6574
4703
1765
8868
5787
3904
9705
3967
1625
4462
8821
8573
8979
7651
5904
6839
2770
7825
1539
7447
6332
723
9479
9716
6726
8182
4265
1917
4667
2970
2923
690
3634
4805
4956
4956
1999
2007
597
2628
4338
4118
4021
5597
2599
6152
8099
5907
9023
2708
3652
9310
4690
5697
1946
630
8020
9919
1043
8583
9443
9699
7340
9244
1749
4832
2305
5261
1969
7068
6370
9963
2705
5738
1150
5071
905
9836
297
2225
4228
9559
1666
908
3693
3340
2789
5670
6684
7692
7189
8738
4633
1672
1831
7534
3007
4491
902
5016
120
6764
3797
5668
9835
7215
9456
5403
3424
8040
1692
2878
1836
1543
3823
5993
3269
3424
5487
6699
1140
6166
4849
7976
6932
3109
8131
5387
1393
2454
6510
9264
6032
3256
6294
7876
5634
3109
1894
5200
9453
3462
1482
2508
7292
2104
4340
1686
376
3776
5826
7798
2638
4327
7252
5337
3231
8737
4002
2059
7804
885
557
3838
9650
1832
8434
9958
3577
90
1452
9650
7269
519
433
7133
8685
6084
9878
1730
8779
7303
3891
1420
986
4721
357
1908
8090
7828
6612
7759
807
7138
7854
6
810
9624
205
8180
4676
4085
9954
9889
9416
5399
4001
7543
3144
2214
99
2905
9892
3099
4436
8532
7137
4390
7954
5554
7193
1694
1593
3845
1643
3789
1389
2730
7567
7438
1427
7509
8736
4425
222
4077
4208
5463
8795
4465
8969
162
745
8598
3677
9509
3708
549
1513
1804
994
3724
6432
475
335
2494
5102
8539
6541
6845
4434
2572
5665
647
1484
7128
609
6681
6148
2128
3070
3520
3401
6185
8606
2415
2976
591
9967
5888
3969
1227
8345
3671
9696
5856
7975
2109
985
2344
6258
1188
4448
1579
2978
586
9033
889
5316
3671
5220
7358
3830
7477
2732
2874
4511
8096
4412
5373
6437
7740
5508
7786
3846
433
7209
6219
5352
6481
3957
6927
9949
1758
3983
8545
7761
4222
7204
1357
8698
4570
6150
9151
6427
7490
7138
9786
7006
8612
1513
8763
5709
4213
283
6388
9459
4637
8512
3419
2633
2338
3680
9614
6552
8532
6234
7756
5533
94
5402
2855
2782
7987
4116
2855
2777
2815
9004
2991
7684
1698
6169
8583
2018
8624
3202
1166
6366
6681
9477
885
1181
1001
5767
2096
4944
2447
3484
2600
3381
8129
2839
7935
2347
8759
914
5051
1071
9152
8897
8579
8619
6349
6857
1558
5464
7842
4908
5885
7821
8895
8316
5428
6407
3399
5931
2653
2348
2923
8362
5490
4872
3214
2485
8443
9790
7148
6456
1366
3354
736
4848
2116
3451
8661
899
2298
2126
9708
5569
6628
2875
4335
470
2422
598
1009
2940
8116
5051
239
5191
9036
1132
7153
1594
93
9941
7461
4266
2525
6585
259
2868
4465
9808
5160
8943
186
3501
7615
3371
7507
7930
7412
38
5786
6298
1117
30
2806
4380
5770
8710
10
3816
558
9323
19
9541
779
8851
996
2385
1662
5218
6164
3363
8243
2028
1051
6045
6216
3360
6675
1279
5756
218
7137
5462
6400
2925
2987
8267
3379
2281
6531
7694
1007
9568
934
7351
2814
4044
9644
3983
6638
2768
1177
5149
5324
560
774
7598
4570
6616
1984
78
4647
1307
9170
6857
2847
7675
9975
7142
8149
6586
5723
3240
8966
710
6085
5041
4423
2544
6282
496
4763
5024
6397
8383
4779
5534
7713
8798
4053
980
2858
4539
6392
845
2067
915
3401
5250
5822
3022
657
8255
7553
1753
2094
5268
8148
7589
200
8485
9388
693
6497
1581
435
4049
8426
5983
3980
3640
2517
989
5389
3438
3981
1331
247
4469
3211
2559
8186
3035
9550
9471
2802
6858
5993
7009
3698
9142
7201
9988
3405
1640
1553
1785
8976
6651
2889
9720
3823
3723
2181
7236
4802
8463
5410
8655
9860
4596
7804
379
1498
9675
8567
3868
2427
8090
9726
6796
7931
6348
6610
1580
1274
553
6767
6420
5662
6814
422
6933
9196
4889
3479
6274
2621
9804
923
3822
7330
6142
8801
8359
7791
4616
7649
1509
3498
5864
4942
1109
9647
6440
6026
5719
5270
2129
3572
2139
6254
4875
6966
3260
9242
4856
4380
6096
827
1001
4930
3439
2060
5192
3638
7621
5050
5595
9793
6442
9725
7015
6548
7754
8236
2802
5371
277
1695
3864
2649
7892
9512
1509
1212
2323
4590
1364
2601
3081
2223
9056
7209
272
5875
2510
3039
4034
3316
468
6620
5372
1825
9666
8361
7051
3523
9044
8721
2748
8117
6467
3988
2781
8722
156
4776
5452
7999
7125
8079
5492
2860
6860
5844
679
5175
212
2050
7732
5454
5376
2099
6035
5388
1368
1867
171
4716
3933
2532
216
3500
1083
6527
416
3658
360
2556
861
8825
5762
6070
4969
4357
7493
5596
7727
345
5876
6350
7347
786
2396
1869
2199
409
6022
2218
172
8406
8506
7983
1422
9399
4212
8650
9891
5953
2770
8444
7977
9564
3462
4325
1176
2927
4777
7513
8980
7276
8215
1225
7862
8092
3156
3028
6346
7618
3127
8409
2270
6400
6176
4195
269
6520
3732
5545
1966
7851
1159
6459
4526
7286
5249
5994
4702
1757
6873
827
4723
2635
6679
2720
9882
1009
2684
4171
3240
8497
5416
1535
4751
4408
8847
8986
5060
6998
5852
6742
1792
2929
9687
1437
1739
6073
4647
7545
3203
6357
7905
1143
6579
7047
5867
7080
886
140
2770
8968
3174
1235
5136
7903
6268
2614
6311
6186
7332
2554
3244
314
7706
2967
966
3431
6078
6685
9750
313
562
4438
1491
8143
5291
7502
5552
2534
7041
323
4285
3777
5624
2179
7870
7315
1841
541
6922
4540
8724
8365
2872
622
9158
3233
5114
733
2086
4698
4218
8225
9563
6966
5849
1306
4355
1125
8007
8252
3343
9518
842
2441
948
4257
4911
1175
2000
8038
4353
9645
8751
327
2935
9732
12
1967
3946
607
2773
26
8913
5535
5627
75
4284
6661
2470
91
5007
8862
7112
201
2022
3674
4066
9939
3448
8631
4357
9764
5838
4305
5319
1006
9282
857
3506
2425
5748
8361
7852
3874
1885
6992
2821
4799
9663
6925
6455
6928
7318
8633
3701
8935
8732
447
1763
6429
1925
6124
4523
8686
5549
9600
2832
1414
4623
6616
3526
3792
6196
5596
5508
242
6287
6997
940
2284
7034
6956
1271
729
6860
7096
2343
9924
1193
590
4413
7760
226
1091
6238
4434
3226
5770
9072
4326
2715
5413
7
7697
8495
2867
9490
1178
1851
9985
5865
5817
3823
440
5479
5978
4398
8172
4773
1830
5700
5417
4118
3181
1958
6889
3934
1546
1889
4516
8761
2572
2905
1361
946
8505
1818
5769
596
5077
6100
8349
4810
8281
407
7243
7386
4509
1623
87
166
3027
2445
4176
9246
767
5925
6228
7794
6111
1555
1267
8800
4219
5057
5976
6859
5591
1047
4299
4141
7280
1181
7702
6608
4802
3464
3974
4456
7575
8591
8349
2201
6803
7933
7028
2314
6725
9381
503
780
219
5868
6075
8467
6218
6519
47
822
9578
1556
9336
4295
2304
9114
2957
9464
2294
965
9020
6633
4093
2856
9287
5812
902
2193
6520
4243
416
7493
3031
9109
4462
8441
4261
564
4858
6332
6022
6231
8662
9430
728
6623
4851
9919
8443
